5
4
1
1
5
7
9
11
10
9
9
11
11
10
11
12
10
6
3
2
4
6
3
1
6
8
7
5
2
3
5
5
6
10
12
12
8
2
4
8
10
11
11
12
11
8
5
9
10
7
5
11
13
11
7
4
5
4
2
0
1
2
5
9
10
11
13
11
9
9
9
11
12
11
9
8
9
9
8
4
3
9
10
8
6
6
5
4
4
5
6
6
8
6
2
4
7
9
11
15
18
18
13
8
4
2
5
8
6
3
5
10
14
15
14
10
6
2
0
2
3
3
1
5
10
12
13
14
15
14
10
3
4
5
5
5
7
10
11
8
3
3
8
12
12
10
7
4
4
4
5
6
6
2
4
9
10
10
10
7
3
1
7
10
11
11
10
9
6
1
5
10
13
14
13
9
4
2
4
4
4
5
6
6
8
10
9
5
6
10
12
10
7
5
7
9
9
10
11
9
6
3
3
4
5
4
3
6
7
3
6
12
17
20
16
10
4
4
5
3
7
15
19
17
11
7
5
5
7
6
3
6
9
10
9
9
12
14
14
12
10
9
9
9
8
7
4
0
4
9
12
14
11
8
9
8
4
2
6
8
9
12
14
13
12
11
11
12
10
9
10
10
7
8
11
11
9
9
10
11
11
6
5
13
23
21
27
20
27
48
53
53
55
140
431
965
1694
2427
2867
2841
2370
1722
1203
998
1352
2018
2535
2616
2279
1785
1341
1057
994
1013
949
816
624
440
365
355
343
361
362
322
241
127
157
268
372
456
475
434
366
291
230
202
163
139
153
166
176
186
184
183
179
133
88
50
53
205
558
1003
1640
2395
2856
2833
2349
1689
1162
982
1339
2005
2530
2612
2259
1709
1284
1108
1036
966
834
671
474
253
288
837
1561
2267
2667
2641
2222
1650
1247
1155
1200
1223
1133
941
668
347
199
755
1478
2197
2622
2609
2174
1558
1087
937
937
927
832
674
459
192
226
798
1513
2216
2621
2586
2157
1590
1121
895
926
1008
966
825
618
423
313
290
268
290
314
300
255
203
490
973
1625
2379
2831
2796
2313
1664
1127
909
967
1060
1023
898
691
361
246
772
1486
2290
2775
2788
2360
1773
1272
1038
1087
1159
1092
925
684
325
216
748
1397
2152
2598
2582
2138
1556
1122
1016
1388
2022
2522
2600
2260
1759
1334
1099
1074
1111
1041
884
677
420
169
232
240
220
221
210
153
27
120
118
295
442
470
425
345
285
168
69
180
174
162
165
184
217
232
212
202
193
178
154
135
92
56
83
88
112
101
74
28
5
27
44
46
94
119
114
115
84
37
124
110
74
47
33
16
9
47
54
57
41
27
32
40
27
111
110
19
126
157
156
124
67
73
97
89
74
71
57
34
13
13
14
10
8
6
10
17
19
9
17
30
25
9
5
2
5
6
3
4
1
6
11
10
8
7
3
6
11
14
11
7
5
1
6
9
9
7
3
3
7
9
8
9
11
14
14
12
8
5
10
17
19
13
7
8
11
13
11
8
6
4
7
12
14
13
11
4
4
9
8
6
3
3
3
1
0
3
2
2
6
8
7
3
3
8
11
12
13
12
8
3
9
15
15
9
2
7
12
14
14
14
13
11
8
8
10
12
12
11
11
12
13
13
12
12
12
12
10
8
5
3
5
8
12
15
16
13
9
8
8
9
9
8
8
8
7
5
6
8
9
9
9
9
10
10
10
8
6
5
6
5
3
3
5
4
2
1
1
4
7
10
12
11
7
6
7
6
2
6
8
7
7
7
6
4
2
2
2
1
1
0
2
4
8
10
9
7
5
5
6
6
3
2
4
10
15
17
17
18
17
16
13
9
3
4
7
5
1
4
7
8
7
5
4
1
0
1
4
6
5
3
3
6
7
11
14
15
12
8
4
4
9
14
14
12
10
11
13
12
8
2
5
7
8
12
15
11
5
1
5
4
5
4
5
10
11
7
3
3
3
3
3
2
2
6
11
11
6
2
4
6
9
12
10
5
1
5
6
4
6
11
14
15
13
11
9
8
7
7
6
4
4
6
7
6
6
5
4
1
0
4
8
6
5
8
13
14
11
7
4
6
9
11
12
15
19
19
17
12
8
5
5
6
7
6
3
1
2
2
5
9
13
14
13
10
7
4
2
1
1
1
3
6
7
7
6
6
3
1
2
3
2
4
6
9
11
13
11
7
7
9
8
5
5
7
9
9
5
2
5
7
6
6
5
7
8
7
2
2
5
5
5
5
4
1
2
3
6
9
8
6
10
9
3
3
6
8
6
3
5
9
14
15
14
11
6
6
12
17
18
15
10
6
4
2
4
6
9
11
9
5
3
3
5
7
9
10
7
2
3
3
5
8
8
4
1
5
4
4
9
13
12
8
5
8
11
10
7
3
2
2
3
8
10
8
4
3
4
2
2
4
2
0
0
2
5
6
5
6
7
8
8
12
15
13
10
9
11
13
13
10
4
2
6
9
10
9
9
10
10
6
2
5
9
8
3
3
6
10
11
9
3
0
2
4
7
10
10
8
5
3
4
4
2
4
7
10
11
9
7
5
5
6
5
0
4
5
2
2
7
12
16
17
15
10
6
5
4
3
2
1
1
4
7
8
8
7
5
3
1
7
11
9
5
7
10
6
2
3
5
3
1
5
5
6
7
5
2
2
1
4
8
9
8
9
10
9
8
7
7
7
8
8
8
10
10
7
3
0
2
3
4
3
3
5
6
2
2
6
8
8
7
5
4
5
6
8
9
9
10
10
10
9
6
6
9
13
16
17
16
16
16
15
12
9
7
3
3
8
9
4
4
7
9
10
10
8
7
5
3
6
7
6
3
3
4
8
10
11
10
8
6
7
10
9
7
3
1
9
16
19
18
15
10
6
4
7
10
12
13
11
6
0
3
5
5
7
10
10
6
6
7
6
7
10
14
15
11
7
6
7
9
8
6
3
0
2
1
4
9
12
10
7
7
7
6
3
2
8
9
8
10
11
11
10
8
7
6
6
5
7
10
11
10
10
13
14
15
13
9
3
3
4
3
3
5
8
11
12
10
6
2
3
8
11
12
12
12
12
11
11
12
12
11
8
5
3
3
2
2
2
1
1
2
2
3
4
3
3
5
6
7
8
5
4
3
4
7
8
6
4
3
1
4
5
1
5
11
13
10
8
10
10
8
6
4
3
6
10
14
16
14
10
7
6
4
4
6
6
4
4
6
9
11
10
8
5
6
8
10
11
13
13
10
4
6
10
10
6
1
0
5
11
16
16
12
9
12
13
11
7
5
6
6
3
1
4
6
4
2
4
7
8
8
9
12
15
15
14
11
7
6
10
16
17
14
11
9
7
2
2
3
4
7
7
4
6
12
15
15
11
7
7
5
8
13
14
12
10
10
12
12
10
7
6
5
4
2
1
4
8
10
10
6
3
2
2
2
2
5
7
7
7
7
7
10
11
10
9
9
8
6
4
1
2
2
3
5
8
12
12
9
4
5
5
5
4
4
5
5
3
0
3
6
6
5
7
10
10
6
6
9
9
6
2
7
9
6
2
3
5
7
6
4
1
1
4
7
6
3
0
1
0
3
4
4
5
6
8
6
6
8
10
13
15
14
9
4
3
11
17
20
20
17
11
3
2
4
5
4
2
5
6
3
3
8
10
11
9
7
6
9
14
15
14
10
6
5
6
10
14
15
12
8
4
3
2
0
3
7
10
11
9
6
6
8
9
11
13
16
17
15
10
5
3
0
2
5
9
12
13
13
9
5
7
11
10
6
1
4
3
3
8
11
14
15
15
13
12
10
8
6
4
2
2
5
4
1
5
10
13
12
10
9
9
4
3
6
8
11
14
12
7
3
1
2
6
10
10
7
2
2
4
6
9
11
9
6
4
3
5
7
9
11
13
14
15
14
9
3
7
10
11
11
13
11
6
4
5
4
4
5
5
6
9
10
9
6
5
7
7
6
6
9
13
13
10
6
5
11
16
16
14
11
9
5
4
13
15
11
6
3
2
3
7
10
7
0
5
8
8
7
5
7
11
16
16
13
7
6
6
7
6
6
6
3
3
9
10
6
1
4
6
3
2
3
5
6
7
7
5
0
3
3
2
2
1
1
1
4
8
11
12
12
10
10
12
12
8
8
12
13
9
3
4
8
12
11
8
3
1
6
11
13
12
11
8
5
6
6
2
4
8
9
8
5
3
2
5
8
9
9
7
5
6
6
4
8
12
13
11
8
3
1
3
4
6
7
6
4
7
11
13
14
14
14
13
11
12
11
8
1
4
5
3
5
7
8
5
1
4
7
8
6
6
11
15
15
11
7
4
4
6
8
9
9
8
10
13
16
17
15
10
8
12
14
12
12
16
16
13
8
5
6
8
10
11
12
10
6
4
8
14
15
11
8
6
6
6
6
6
7
9
11
12
11
9
7
9
10
8
8
9
10
8
7
5
1
2
2
3
4
5
5
6
6
5
5
8
10
10
6
2
6
6
3
2
1
1
5
7
7
6
4
5
8
11
13
13
9
6
6
7
7
6
4
3
3
6
11
12
8
7
12
10
3
3
5
5
7
6
2
3
6
7
8
8
8
6
6
6
4
2
6
9
8
