14
12
8
4
5
8
10
10
9
7
4
4
6
6
3
0
3
7
13
15
12
8
7
8
7
4
0
5
8
9
8
8
10
13
14
11
8
5
3
2
1
2
3
5
5
8
11
12
13
14
13
7
1
8
12
12
10
6
3
5
7
5
3
9
15
18
16
8
2
10
12
9
4
2
7
11
13
11
7
3
1
3
4
4
2
3
5
5
4
3
5
5
6
8
9
6
2
4
5
6
4
2
4
5
5
7
9
10
10
10
9
9
9
7
5
3
2
3
6
7
6
3
0
3
4
3
0
3
6
8
9
8
9
11
12
8
2
2
1
3
6
5
2
2
3
1
6
12
15
13
6
5
9
9
5
5
10
12
9
4
1
2
3
2
3
2
2
2
0
1
2
4
5
7
8
5
1
5
10
10
8
5
4
4
6
8
9
8
7
7
8
8
9
12
14
13
8
3
3
3
2
2
2
3
4
3
3
2
1
2
4
5
7
7
5
1
0
2
6
7
6
4
3
6
9
7
2
4
7
7
8
8
6
6
8
9
7
5
11
17
21
22
19
17
15
14
14
12
9
9
10
8
6
3
2
9
14
15
13
8
4
3
3
2
1
2
3
1
0
3
7
12
15
15
11
6
12
13
31
38
36
48
45
40
34
114
227
189
73
200
269
257
194
177
115
132
28
132
124
132
204
185
151
123
119
152
173
172
132
115
626
1390
2425
3602
4373
4374
3645
2542
1737
1800
2502
3426
4081
4056
3313
2235
1487
1664
2563
3644
4348
4278
3458
2301
1500
1673
2564
3631
4335
4272
3457
2330
1561
1720
2590
3638
4325
4266
3477
2292
1103
373
201
317
506
633
686
629
543
479
472
528
513
435
310
116
217
477
316
120
85
66
47
266
270
133
113
231
226
222
250
132
178
339
185
303
295
214
99
125
85
235
115
106
123
137
171
59
134
345
169
136
188
196
151
166
99
136
21
167
176
199
227
144
675
1410
2433
3605
4369
4380
3656
2547
1742
1803
2485
3389
4036
4016
3301
2147
940
230
125
102
338
522
607
407
411
1292
2509
3816
4608
4550
3751
2502
1190
412
66
315
601
760
777
492
489
1344
2533
3840
4655
4634
3840
2551
1184
416
232
139
331
506
592
536
428
344
350
433
444
396
317
297
727
1462
2483
3657
4428
4423
3668
2370
1076
436
270
301
383
532
621
459
476
1347
2548
3898
4727
4661
3815
2562
1312
524
275
134
230
392
437
460
527
450
356
236
116
72
108
249
743
1467
2471
3671
4438
4401
3663
2635
1875
1897
2558
3462
4111
4107
3369
2097
912
364
284
296
158
305
475
539
453
303
281
304
215
63
68
269
823
1523
2464
3623
4374
4358
3649
2544
1399
585
222
164
321
487
536
488
368
183
170
325
400
370
283
167
84
63
95
114
105
88
86
108
142
169
188
191
175
150
135
128
114
86
55
44
47
40
23
24
54
71
92
113
118
104
79
54
35
23
20
24
26
27
27
33
38
39
43
52
58
55
46
31
15
9
12
15
15
16
16
13
8
3
5
12
13
11
12
17
22
22
23
24
23
24
25
25
23
18
13
10
5
1
4
7
8
7
4
3
1
2
3
3
0
1
1
5
9
11
9
5
4
3
2
2
4
4
2
2
6
8
7
7
12
17
17
14
10
8
7
9
13
16
18
17
15
11
7
3
6
8
7
5
3
4
9
11
10
10
12
10
7
11
13
10
4
3
9
10
8
4
1
2
1
1
5
9
11
11
8
5
4
3
2
2
3
5
5
3
2
4
8
12
16
18
15
9
2
2
4
3
7
14
17
17
16
11
4
7
13
12
4
4
8
9
13
16
14
10
7
6
7
9
10
10
10
7
2
5
10
11
7
3
4
6
7
8
8
8
9
10
8
2
5
9
9
4
5
9
8
3
5
11
14
17
18
18
15
13
8
4
1
3
6
8
8
8
9
11
10
9
4
2
6
7
5
1
2
2
1
7
11
11
7
7
9
8
5
2
3
10
13
12
10
12
15
15
11
6
10
9
2
7
14
14
11
10
10
8
4
0
2
3
1
2
5
5
5
8
9
7
5
7
8
9
11
9
5
2
2
3
5
7
6
4
5
8
10
11
12
11
10
10
12
14
12
8
4
1
1
1
6
10
11
10
8
6
1
4
9
10
9
6
4
4
6
12
16
16
11
12
17
18
14
8
5
6
7
9
8
8
7
6
5
7
11
13
12
7
4
1
5
11
13
12
8
7
7
8
7
6
8
7
5
3
4
5
6
8
8
5
1
7
12
14
13
12
10
5
0
2
3
1
2
5
6
5
2
1
4
4
4
5
6
7
4
3
6
6
2
4
6
6
2
4
8
10
7
4
5
6
4
2
1
2
5
7
8
9
9
10
12
13
13
10
5
3
4
3
0
1
1
4
7
8
7
6
5
5
5
4
3
6
9
10
12
15
17
17
16
13
9
5
5
5
5
4
4
4
2
0
1
2
2
2
2
1
2
5
10
14
17
18
15
9
2
5
7
7
8
8
7
6
6
8
11
14
14
11
7
4
2
0
2
5
6
6
6
6
4
6
6
2
3
8
10
8
3
0
3
5
6
3
1
4
7
7
6
4
2
2
2
3
5
8
11
12
10
6
5
4
2
2
7
8
5
2
2
4
8
12
12
11
8
6
5
5
5
4
6
8
7
4
0
2
1
2
6
9
14
17
15
8
1
5
4
1
5
8
7
4
1
2
5
8
9
11
11
11
11
9
8
7
9
11
14
14
13
12
10
8
6
5
4
2
1
2
6
10
10
6
1
2
6
8
8
6
6
8
11
12
11
10
13
15
15
13
9
5
2
0
2
5
7
6
6
6
6
4
3
6
5
0
3
4
3
5
8
7
5
5
6
5
3
4
8
9
3
6
13
16
11
1
9
13
11
6
4
7
8
8
7
7
6
3
1
3
2
3
6
9
11
11
10
6
5
9
11
11
8
6
6
3
2
5
4
4
8
9
6
3
5
8
10
10
7
3
3
5
8
11
16
18
18
13
8
3
1
1
3
6
8
6
4
3
3
2
2
2
4
5
6
5
4
2
1
3
6
6
4
3
4
8
12
13
10
6
1
0
0
1
2
1
0
0
2
4
5
4
2
1
4
9
12
9
3
4
8
10
8
8
10
9
4
2
6
6
8
11
12
10
8
6
6
8
13
17
19
17
13
10
7
4
3
4
6
8
9
10
10
9
7
5
3
1
1
6
13
19
20
15
8
3
7
10
10
8
5
2
2
5
8
10
10
11
11
10
11
11
7
4
2
5
7
8
5
3
9
12
10
5
4
7
7
4
3
7
9
8
4
1
5
7
5
2
2
2
1
2
4
5
6
7
5
0
6
11
13
12
8
6
5
7
11
13
11
7
2
3
7
7
6
9
13
11
5
3
9
13
13
10
5
3
7
9
10
9
6
4
6
8
6
1
2
5
6
4
2
2
6
7
8
10
9
8
10
9
5
0
4
7
10
12
15
14
12
9
9
12
14
13
10
7
9
12
10
6
3
2
3
5
8
8
6
4
6
7
6
4
3
1
2
7
7
3
5
9
8
4
0
4
8
11
10
7
1
5
10
14
13
10
6
4
2
1
3
6
8
7
2
6
9
8
3
4
8
8
5
2
3
5
5
3
3
6
7
4
2
6
10
9
6
5
6
10
13
12
8
3
2
5
5
2
3
7
8
7
6
6
5
4
6
7
4
4
9
9
5
4
4
7
9
8
4
1
0
2
6
10
11
11
13
15
13
8
4
8
10
7
6
9
11
14
14
11
8
9
8
6
6
8
7
2
3
7
8
10
13
13
10
7
9
10
8
4
4
7
7
5
3
0
1
2
3
4
3
2
4
6
6
3
2
6
6
4
4
8
8
4
0
2
4
5
6
7
6
3
4
8
9
5
7
16
20
16
6
7
11
8
7
9
7
4
7
6
4
6
8
9
8
6
7
8
7
5
3
4
7
10
9
4
0
3
9
16
18
12
8
12
8
1
8
11
12
14
16
18
22
25
25
21
12
3
4
6
6
7
9
11
9
5
2
5
3
1
5
6
5
5
7
5
4
8
8
5
1
1
1
2
3
4
4
1
5
9
9
10
9
6
2
1
2
1
1
3
6
9
11
12
9
2
4
9
10
10
9
9
9
13
16
17
15
12
8
3
3
9
15
17
17
15
11
8
4
4
8
9
7
5
7
7
6
5
4
4
5
7
8
7
6
5
4
5
6
6
3
1
3
4
2
1
0
1
2
4
3
4
7
6
3
2
5
7
7
7
8
8
8
8
8
7
6
7
7
4
2
1
1
1
2
4
8
10
8
6
4
4
5
4
3
2
5
7
6
4
4
5
3
0
5
9
11
10
7
4
4
5
7
9
9
5
1
5
8
6
4
4
7
8
8
6
3
7
12
15
13
8
4
5
8
12
14
13
13
13
9
5
2
3
4
3
2
1
2
1
3
7
12
14
12
8
3
1
6
10
11
9
6
3
6
9
10
9
8
5
3
7
10
10
7
6
7
6
6
7
6
4
7
9
10
9
9
10
10
13
15
12
6
8
13
13
10
6
6
9
11
13
14
13
10
6
7
10
