11
4
5
9
11
11
10
9
6
13
14
12
4
4
8
10
5
3
8
6
8
8
2
4
5
9
10
8
1
11
13
10
7
7
4
5
2
1
5
7
7
4
1
1
6
5
9
12
15
18
17
12
13
13
16
16
15
21
21
23
21
22
19
16
14
10
8
8
8
8
6
4
4
4
5
7
5
6
7
2
5
6
3
5
1
4
2
0
4
5
9
5
6
10
12
12
7
10
12
9
11
6
2
1
4
8
8
12
14
6
3
1
3
1
2
5
4
6
5
9
10
5
5
3
5
5
8
10
13
8
4
2
2
6
8
9
12
17
10
3
8
6
5
9
12
11
10
10
9
12
11
8
9
7
8
6
6
3
10
10
15
7
10
8
0
8
15
15
12
11
12
13
12
8
5
3
5
5
6
2
2
3
9
7
6
6
4
6
9
11
12
11
12
14
9
10
7
9
17
17
12
11
11
8
11
13
11
10
11
5
2
4
9
8
8
11
16
22
22
21
23
24
23
20
15
11
8
13
12
14
12
9
7
9
8
9
11
13
13
18
24
22
16
7
4
14
11
15
16
11
6
10
15
12
10
11
7
2
3
6
7
8
8
10
8
16
8
1
2
9
10
20
24
19
3
2
11
21
29
26
19
16
16
21
15
12
19
20
25
26
22
20
10
9
8
10
11
12
11
15
17
14
12
11
6
8
14
17
21
15
13
8
8
3
6
7
14
15
12
20
26
29
22
10
24
31
37
35
24
22
28
39
45
46
37
35
42
41
36
34
33
34
29
28
20
18
14
12
25
14
13
9
11
16
19
9
8
7
5
5
12
12
13
15
12
10
11
8
9
17
14
12
9
4
15
16
19
11
2
9
18
13
17
12
4
1
5
10
5
9
9
16
24
25
30
27
21
13
8
9
16
21
20
14
11
17
23
26
18
9
9
21
37
35
24
9
5
13
26
26
25
17
7
12
14
18
11
10
6
7
8
4
7
9
9
2
5
3
8
11
18
9
5
7
5
1
6
10
13
22
14
11
4
9
16
20
17
18
16
17
19
17
18
9
6
5
5
6
13
6
2
2
1
6
5
1
8
9
11
10
12
15
15
7
8
6
6
9
11
9
6
5
5
5
2
5
3
3
0
1
4
5
10
8
11
12
7
9
10
11
8
5
6
13
12
12
15
11
13
15
15
23
21
23
24
27
25
26
20
25
24
18
17
12
8
10
12
7
5
6
9
12
9
8
6
7
8
13
10
13
11
12
8
12
12
6
7
4
6
4
6
6
10
10
13
11
10
7
4
4
10
6
8
13
12
13
8
8
9
17
15
21
21
14
14
17
16
20
36
37
26
28
23
18
18
19
16
14
15
8
3
14
9
11
7
6
9
4
19
18
6
5
7
10
3
10
14
10
10
14
12
10
17
13
16
7
10
10
10
2
9
7
4
2
7
14
24
17
13
7
1
4
10
14
18
13
10
5
10
11
11
15
6
4
2
3
4
2
2
1
6
1
3
6
7
1
6
9
16
12
13
12
6
5
12
13
12
12
11
4
9
9
13
15
13
10
10
9
12
13
13
8
9
7
5
5
5
10
7
7
8
3
5
5
10
10
14
14
14
12
15
10
10
8
7
8
8
13
12
8
6
5
8
13
19
19
18
12
6
10
12
18
11
9
7
4
6
10
12
8
5
5
4
5
4
7
7
6
4
5
7
5
7
7
5
5
2
3
3
3
2
7
10
9
9
6
3
11
12
14
8
11
6
6
8
14
9
9
8
4
9
12
11
8
5
11
8
10
8
12
11
14
10
5
3
7
4
3
3
5
2
3
5
3
11
7
10
8
7
3
7
11
9
7
6
5
3
5
8
7
3
0
4
3
4
4
6
3
0
3
3
2
3
1
8
3
6
9
0
2
7
6
7
1
4
4
14
9
10
6
6
5
3
6
6
4
4
8
3
4
2
9
4
5
8
8
7
6
6
2
2
1
4
2
2
4
4
3
2
2
1
2
1
4
1
4
6
2
4
8
7
5
5
7
4
6
7
9
12
12
4
1
5
6
6
4
5
5
5
7
5
2
3
5
6
6
1
1
8
7
2
1
5
7
7
4
11
6
5
6
7
2
2
7
3
7
9
8
8
9
9
7
5
6
7
8
8
11
9
11
7
8
6
10
8
10
9
7
3
2
5
7
15
12
8
1
6
12
14
11
12
8
6
8
11
8
7
6
3
7
6
3
6
5
6
4
1
7
5
5
4
1
4
8
9
11
7
5
7
14
20
15
13
11
14
15
14
14
15
10
6
15
12
13
6
11
12
10
12
9
6
8
13
15
13
10
13
9
9
7
5
2
4
9
11
1
5
1
5
8
4
3
13
14
12
12
16
12
15
10
8
15
19
23
13
11
11
13
21
20
13
10
7
5
7
3
7
6
6
8
5
3
5
3
2
6
6
12
11
4
2
1
3
6
4
8
4
1
0
3
7
6
6
8
11
11
15
20
12
8
3
3
7
8
6
7
11
9
11
8
0
2
3
5
5
7
11
8
6
5
3
1
6
7
3
3
5
3
10
5
6
8
4
7
5
4
3
7
5
5
1
4
0
3
10
10
8
7
11
11
9
6
6
7
12
15
17
19
13
13
13
12
13
16
13
13
7
8
11
15
11
12
11
5
8
8
5
4
7
7
4
4
5
2
4
9
7
4
6
7
2
4
7
7
3
4
5
7
9
8
10
8
3
7
10
11
10
6
4
4
7
11
16
14
12
6
13
17
17
15
13
13
17
14
10
10
7
9
3
1
1
5
3
0
3
3
11
15
9
9
7
4
8
13
10
14
11
5
5
8
13
9
8
5
1
11
13
13
13
14
11
15
11
14
12
11
14
14
12
17
12
9
12
14
15
14
20
21
20
14
9
10
9
7
6
6
12
12
11
7
9
9
9
10
11
12
10
5
5
6
8
9
9
8
7
6
6
4
7
11
13
10
9
9
13
12
15
10
9
8
11
14
13
12
13
11
11
9
9
11
10
8
5
10
11
16
14
10
8
8
4
1
7
8
5
4
6
9
5
8
3
4
2
4
9
7
5
3
5
6
9
6
7
7
3
2
9
11
9
9
5
8
7
7
8
11
12
13
18
16
11
10
14
16
13
15
9
5
4
3
5
2
6
5
4
2
4
3
4
1
5
4
1
7
3
2
2
2
0
4
4
5
2
4
0
2
3
3
2
3
6
6
6
6
2
1
2
0
1
4
2
5
0
4
5
4
7
0
2
6
3
3
1
2
5
5
0
4
12
8
6
10
5
4
3
7
10
9
22
13
17
18
23
26
34
28
29
22
17
17
10
10
8
2
13
16
13
19
39
36
34
35
39
44
47
42
44
45
36
38
29
26
24
23
20
16
10
12
8
8
0
2
3
7
11
14
15
14
19
22
21
20
16
18
17
20
19
22
21
20
13
8
2
10
13
10
6
2
3
7
14
17
17
9
8
9
6
12
8
6
7
7
15
10
5
5
7
14
11
7
2
5
8
4
6
10
6
1
2
4
4
11
6
9
7
7
4
5
12
13
12
4
5
3
3
4
7
9
9
7
1
1
9
11
11
6
3
5
8
7
3
8
15
11
5
3
3
5
2
9
7
10
3
13
17
16
15
11
12
8
4
4
5
4
9
12
12
10
10
10
14
13
11
4
3
2
6
0
1
4
9
4
5
6
2
2
3
0
2
8
10
2
5
1
6
1
1
4
7
9
6
8
5
6
12
13
18
18
12
9
7
6
8
8
4
3
4
5
3
2
0
2
6
5
10
13
17
14
10
2
6
4
0
2
3
3
3
4
4
5
4
8
14
12
11
9
11
9
9
6
9
7
5
8
10
13
14
14
11
12
11
9
11
11
11
12
14
11
9
12
6
6
9
6
4
5
5
6
4
10
7
5
2
6
8
7
17
12
10
7
9
9
13
6
6
6
9
6
3
2
9
14
14
11
1
4
10
5
0
6
1
1
3
6
6
2
5
5
7
7
10
12
9
7
1
11
9
9
12
13
9
12
12
10
7
3
3
7
8
7
7
7
11
8
8
9
10
5
8
10
9
9
8
9
8
6
6
13
5
3
0
5
2
3
5
4
8
12
14
11
11
11
10
15
12
11
14
10
8
18
18
12
13
13
14
10
10
10
14
12
12
10
12
14
17
10
9
11
13
9
12
15
15
19
16
15
14
15
20
22
19
13
8
8
11
20
16
12
7
5
11
11
12
9
11
8
6
4
10
11
8
4
4
3
3
10
11
8
5
7
14
19
15
13
10
9
9
3
6
9
8
10
11
11
8
7
9
7
4
3
3
3
6
10
5
2
5
4
2
3
2
2
3
7
7
6
1
7
6
8
4
4
3
6
9
8
10
6
1
3
9
10
8
4
3
2
4
6
6
8
8
7
14
21
26
16
10
7
13
19
21
21
11
8
5
9
10
12
10
8
5
6
5
1
2
3
7
6
11
4
4
3
5
4
8
18
15
14
8
6
11
13
12
15
12
11
8
8
6
2
2
10
4
2
6
14
14
12
7
12
5
17
83
184
278
338
353
349
420
557
664
652
523
317
160
175
238
225
149
94
90
51
74
358
740
1028
1015
1115
2066
3095
3585
3711
4097
4856
5646
6089
6184
6283
6510
6658
6688
6721
6634
6405
6173
5668
5370
5334
4561
3792
3531
2677
1876
1570
1046
627
516
217
129
99
121
191
278
248
272
511
477
327
503
485
393
463
280
343
490
329
175
288
274
195
175
163
188
209
213
332
337
286
437
557
729
792
627
408
359
175
270
325
231
165
183
205
132
71
77
92
98
117
92
77
122
116
42
11
27
28
34
6
48
59
40
64
89
83
88
89
95
104
106
91
90
92
99
107
88
82
103
107
93
97
96
84
89
89
76
84
92
98
98
91
79
86
84
83
96
99
80
79
91
99
113
112
145
290
392
202
107
254
656
671
781
629
492
190
462
335
335
168
163
87
149
194
112
52
42
24
48
60
44
70
86
67
13
56
50
51
34
34
20
28
22
21
128
285
376
849
1236
1424
2199
2801
3098
4150
4867
5127
5800
6280
6432
6763
6996
7008
7031
7029
6892
6634
6199
5732
5547
5511
5042
4120
2991
2130
2002
1888
1445
760
246
117
242
280
289
295
326
609
667
410
300
396
539
1221
1257
956
269
51
206
431
649
477
198
190
147
22
111
127
161
209
187
201
95
28
105
152
24
137
151
133
98
33
59
54
58
90
156
346
418
260
71
261
562
860
774
619
365
195
350
374
314
213
169
177
194
170
87
116
90
180
242
62
165
287
96
116
222
123
89
164
93
76
138
68
37
96
133
401
754
1043
1230
1175
1622
2851
3836
4491
4794
4886
5341
6209
6600
6771
6910
6932
6887
6772
6692
6528
6109
5623
5413
5331
4893
4043
2872
2015
1955
1828
1335
713
196
174
273
342
380
351
353
612
668
425
324
429
557
1228
1296
966
290
52
184
464
697
506
244
245
190
74
170
232
190
328
325
226
476
752
716
869
533
463
603
185
297
303
308
199
196
237
163
94
119
98
94
126
91
88
131
108
50
19
16
29
45
25
65
90
84
82
108
100
72
186
209
81
193
257
135
189
240
120
82
168
130
114
128
67
57
97
120
399
773
1037
1217
1167
1627
2870
3894
4533
4846
4927
5385
6294
6706
6864
6976
7007
6967
6871
6752
6475
6116
5944
5901
5431
4423
3466
3147
3089
2664
1793
874
592
524
300
113
116
221
304
278
459
981
1400
1447
1661
2603
3649
4229
4361
4627
5439
6335
6781
6853
6955
7136
7236
7249
7259
7169
6787
6231
6029
6144
5802
4718
3589
3265
3238
2710
1730
864
710
654
383
142
80
165
254
235
511
1095
1507
1471
1554
2582
3734
4290
4336
4663
5602
6485
6793
6789
6954
7190
7273
7259
7255
7133
6887
6649
6116
5728
5622
4842
4116
3807
2726
1952
1794
1174
636
520
221
88
118
104
154
259
259
237
304
385
436
470
336
250
408
418
199
70
226
215
111
98
108
67
44
70
241
294
404
368
220
358
705
756
912
525
390
494
104
368
334
294
242
194
179
59
269
375
346
234
112
386
821
803
863
471
422
560
203
304
277
294
201
213
248
168
61
16
87
170
276
188
110
118
159
106
122
79
135
184
103
13
50
78
73
53
258
455
366
101
183
425
742
822
760
478
261
330
301
282
276
235
216
220
195
88
116
84
190
234
66
193
298
94
163
247
129
126
165
70
95
123
74
75
101
150
441
823
1080
1263
1201
1697
2904
3950
4610
4943
5007
5507
6365
6769
6966
7115
7146
7109
6987
6835
6660
6559
6111
5698
5533
4759
4064
3795
2772
2031
1862
1207
676
567
269
48
143
161
188
296
315
335
410
433
488
556
432
327
465
481
285
133
259
279
203
163
177
169
155
114
119
182
237
231
128
77
42
107
102
25
156
178
164
112
63
17
31
78
90
124
339
474
264
88
257
529
897
833
652
380
256
389
434
316
246
206
186
184
165
83
119
75
176
253
77
204
319
74
122
264
156
130
198
79
65
130
67
68
107
141
409
788
1058
1269
1199
1701
2889
3966
4634
4969
5007
5512
6364
6785
6997
7141
7153
7096
6987
6843
6667
6585
6112
5585
5382
4655
3950
3668
2701
1973
1759
1095
574
437
177
140
185
216
223
375
452
593
1197
1564
1763
2633
3220
3487
4623
5299
5520
6248
6699
6801
7156
7380
7356
7358
7346
7191
6916
6442
5977
5747
5703
5196
4339
3087
2245
2101
2006
1482
851
272
87
232
276
272
289
317
533
682
550
461
468
476
1123
1358
1028
356
57
127
409
698
478
213
201
149
21
137
147
175
218
214
206
78
55
133
166
26
144
168
196
168
82
20
47
77
92
139
337
485
275
82
237
479
874
853
640
338
211
322
418
319
238
195
203
203
165
58
165
123
230
292
97
207
367
146
178
324
206
147
222
131
116
169
99
78
115
140
392
762
1008
1228
1157
1658
2794
3874
4513
4863
4898
5401
6202
6622
6832
6983
7007
6967
6848
6768
6612
6172
5721
5473
5396
4975
4207
2910
2107
1998
1892
1370
809
209
131
246
334
370
364
364
588
701
490
415
500
590
1203
1383
943
270
35
127
483
750
490
235
234
175
63
157
218
216
356
316
207
436
746
762
881
540
540
582
182
328
316
316
189
182
215
156
86
116
98
75
110
86
75
131
120
59
4
7
32
63
35
45
70
73
80
120
102
83
205
195
67
226
293
133
221
254
113
109
180
139
128
124
53
69
97
133
326
394
312
234
108
482
720
851
737
402
381
571
216
357
220
220
135
177
215
154
64
38
137
195
283
203
104
144
162
118
137
107
168
202
120
21
42
81
50
54
105
127
138
142
142
103
119
75
19
111
157
202
163
126
31
30
40
34
22
108
280
356
768
1199
1376
2080
2695
2973
4025
4692
4940
5656
6067
6198
6584
6806
6847
6871
6850
6792
6766
6797
6672
6479
6471
6559
6615
6581
6504
6596
6741
6695
6555
6553
6645
6683
6680
6702
6716
6678
6428
6069
5952
5961
5586
4760
3849
3401
3367
2987
2087
1195
843
740
565
374
278
332
408
318
378
703
680
777
647
435
830
1331
722
725
135
445
551
654
290
188
201
180
192
248
280
210
185
38
119
155
198
69
33
155
181
172
124
116
107
77
68
57
59
104
270
460
235
132
234
412
788
824
684
387
249
290
372
324
282
223
188
192
166
195
403
279
263
503
79
917
1046
166
1084
661
434
672
261
248
334
241
143
87
168
211
296
199
336
670
172
777
888
297
1197
815
300
534
116
392
471
383
276
177
50
89
103
144
252
252
59
247
330
105
182
305
188
170
229
81
88
121
92
132
146
162
414
783
1027
1262
1209
1666
2750
3852
4466
4848
4865
5340
6058
6506
6742
6927
6967
6896
6773
6638
6417
6395
6047
5446
5354
4735
3777
3606
2780
1837
1767
1256
632
573
281
90
129
130
193
274
272
294
404
437
425
446
441
415
442
403
313
287
270
251
238
210
177
169
158
178
239
213
399
364
309
273
699
832
746
589
526
301
258
376
344
176
164
145
143
67
178
342
471
338
143
288
704
909
823
496
475
482
148
428
270
213
129
157
182
102
195
411
381
206
68
356
772
857
863
417
441
436
221
426
337
262
185
193
163
62
60
79
69
108
81
52
96
89
18
62
89
90
99
69
19
68
99
99
92
110
118
96
207
210
82
229
317
156
234
288
136
132
185
132
139
139
62
75
95
132
417
783
980
1218
1174
1632
2735
3843
4416
4794
4802
5283
6035
6533
6729
6859
6877
6858
6780
6661
6460
6356
6023
5475
5267
4691
3877
3583
2837
2047
1813
1265
678
485
268
71
71
109
164
330
450
594
1088
1514
1692
2411
3065
3314
4278
4997
5208
5858
6313
6432
6756
6960
6958
6949
6947
6847
6553
6125
5693
5421
5374
4998
4155
2936
2190
1969
1897
1428
862
262
38
209
253
249
264
297
468
652
576
442
448
484
967
1335
985
311
136
106
399
728
448
215
197
150
29
117
152
163
201
169
135
10
104
146
145
92
187
213
215
173
68
21
27
59
73
124
280
451
241
115
200
424
773
826
674
336
239
279
383
275
270
194
178
201
178
74
140
113
224
248
93
226
362
112
192
343
189
144
228
132
114
168
112
92
114
137
396
722
925
1156
1123
1578
2663
3736
4323
4718
4723
5192
5895
6375
6585
6742
6766
6730
6637
6548
6383
6000
5587
5324
5232
4918
4138
2900
2136
1954
1859
1414
880
269
58
192
272
307
329
336
505
683
551
433
506
584
1061
1389
943
238
59
40
477
789
464
238
244
185
82
151
210
198
361
320
193
469
687
726
932
603
604
535
180
334
358
318
194
185
195
151
79
106
84
62
96
81
61
108
125
59
12
21
33
52
26
55
90
83
77
103
94
85
202
193
68
233
303
124
243
291
136
113
209
155
142
148
75
85
115
149
323
402
331
180
145
461
681
879
797
378
375
486
223
407
231
210
122
160
194
158
61
62
151
192
266
170
67
143
139
99
120
142
204
211
106
13
44
89
48
48
226
328
668
1146
1340
1923
2636
2922
3798
4595
4865
5482
5973
6137
6466
6687
6727
6759
6753
6632
6327
6247
6019
5488
5303
4780
3914
3631
2904
2008
1808
1364
769
597
310
72
71
80
153
309
496
628
1031
1392
1564
2250
2920
3188
4141
4898
5067
5699
6156
6231
6592
6860
6854
6853
6845
6692
6373
6289
6021
5457
5267
4733
3894
3611
2844
1945
1756
1267
682
578
281
71
87
79
145
280
477
604
1006
1402
1578
2244
2939
3193
4130
4901
5062
5687
6142
6200
6559
6826
6812
6797
6810
6662
6325
6220
5960
5440
5237
4556
3644
3504
2820
1766
1545
1259
707
542
227
141
108
102
169
268
448
588
1008
1360
1522
2294
3107
3255
4081
4980
5219
5722
6057
6146
6553
6807
6758
6746
6761
6669
6368
5996
