13
16
15
5
4
8
11
12
17
23
19
27
25
23
23
19
20
17
21
25
27
25
28
26
22
31
29
32
36
33
29
34
34
29
24
29
21
24
23
20
15
13
11
9
10
4
3
2
2
6
8
10
10
15
18
18
18
13
18
21
17
23
21
20
20
21
20
20
24
19
20
21
19
17
15
20
23
22
17
13
12
8
4
8
10
15
14
8
7
7
5
6
1
1
3
6
11
12
9
7
5
6
5
3
5
6
6
9
7
11
10
10
11
9
11
10
11
17
13
13
9
11
7
7
2
2
0
4
5
6
3
6
7
3
5
5
7
13
12
15
10
10
12
11
15
6
9
10
9
10
8
11
8
6
4
8
9
11
6
13
6
8
8
7
3
4
3
9
13
26
31
32
26
27
25
40
42
41
48
38
36
33
8
15
12
9
21
33
29
45
38
37
25
22
23
37
48
51
56
57
50
54
29
32
37
23
40
42
31
27
21
16
6
12
6
12
6
10
5
14
20
19
18
18
20
10
9
13
13
11
14
19
10
11
14
14
17
16
17
13
11
12
12
6
2
4
10
12
8
13
11
10
10
8
7
7
6
2
3
11
5
8
6
9
13
18
15
9
10
6
14
12
10
12
9
15
9
14
10
14
11
14
15
18
20
15
12
11
11
7
6
2
3
2
5
12
9
14
12
12
8
17
18
14
11
7
5
5
5
3
3
1
4
4
12
12
11
11
7
9
11
13
19
13
15
14
10
8
14
8
6
6
7
2
4
9
7
8
4
5
4
7
14
13
17
16
18
22
22
15
14
13
17
18
20
14
13
13
15
13
15
17
19
25
18
16
9
12
9
9
8
3
7
4
11
8
14
20
25
37
20
27
29
35
30
27
26
27
27
29
29
25
23
21
15
15
18
18
25
33
23
29
28
26
23
21
27
28
31
20
23
23
25
24
36
27
27
27
29
21
20
15
8
9
5
2
4
2
4
6
5
6
6
8
12
6
9
8
7
4
1
6
10
9
3
6
2
2
5
5
5
6
5
8
8
4
9
9
3
6
9
20
18
17
12
9
8
5
4
2
6
11
6
4
5
8
3
3
5
6
10
16
19
14
15
14
17
17
19
18
20
23
19
18
11
14
12
14
10
12
15
13
12
13
18
20
18
13
9
9
6
11
10
5
5
3
2
2
3
4
4
5
4
6
7
11
10
9
7
11
8
11
11
11
16
12
15
11
11
11
12
13
15
16
9
11
10
11
12
11
10
12
10
7
10
10
7
5
9
9
11
7
12
13
13
12
9
9
8
9
13
14
12
14
13
11
13
13
12
9
12
13
15
15
14
12
9
9
8
12
10
13
9
10
6
4
13
14
12
15
15
12
15
15
15
11
9
9
6
6
11
12
15
8
10
7
3
7
1
2
4
6
10
10
11
8
5
6
6
4
5
10
9
9
12
8
5
8
5
5
14
11
12
13
12
8
7
8
11
14
9
12
14
14
15
11
15
14
18
18
10
8
4
5
6
3
3
4
2
4
7
11
5
5
6
5
3
9
16
15
18
17
15
12
8
10
7
8
4
5
11
6
5
6
9
12
15
14
17
14
13
7
3
5
7
11
7
7
4
2
1
3
5
11
11
9
10
13
19
16
14
10
3
7
11
11
15
11
11
11
18
11
15
15
17
18
20
15
13
8
10
8
10
11
13
9
9
3
9
9
10
7
10
17
17
14
11
11
10
11
12
16
16
13
12
17
19
22
14
12
14
13
10
4
4
5
7
12
13
13
5
3
2
7
9
10
6
4
11
10
11
14
10
10
11
11
13
11
13
12
9
8
5
1
6
10
7
9
16
17
14
12
16
17
22
25
24
23
22
22
19
26
22
22
20
14
17
13
15
21
15
16
5
7
3
11
11
11
7
2
1
3
3
4
4
4
4
8
11
15
14
10
11
15
15
20
26
27
23
19
18
16
22
22
23
24
14
12
14
11
11
16
14
14
8
7
5
0
5
1
3
8
3
5
1
3
4
8
12
9
7
12
13
12
15
9
17
12
11
7
9
11
6
7
3
2
1
3
3
6
9
5
8
8
4
3
12
2
5
5
7
5
11
9
12
16
11
12
9
10
6
8
12
13
12
11
13
8
10
5
2
1
0
2
4
8
4
4
8
6
5
3
11
12
12
10
10
11
12
7
7
6
6
12
10
11
14
15
14
17
16
15
8
9
11
10
17
20
22
21
17
15
12
7
9
13
8
11
9
14
10
10
9
8
4
8
10
13
19
19
17
16
15
16
19
18
23
17
17
13
11
13
13
14
19
23
18
15
10
10
13
15
15
13
13
8
4
8
7
3
1
3
3
4
4
5
4
6
4
6
11
11
12
11
7
3
2
4
8
7
12
10
6
5
8
8
13
12
18
17
16
13
14
15
11
15
16
15
10
8
3
6
7
6
8
5
10
6
0
3
0
3
5
10
9
9
8
7
5
5
2
9
11
5
9
27
106
238
417
626
853
1104
1398
1749
2131
2440
2662
2834
2988
3105
3167
3179
3156
3118
3083
3040
2897
2664
2545
2553
2364
1851
1394
1451
1518
1138
644
741
935
859
669
562
502
373
236
202
304
416
571
426
294
408
811
759
629
44
295
581
566
370
209
298
282
271
285
276
218
106
82
96
125
83
49
62
59
43
26
16
14
7
15
35
56
72
84
117
170
24
204
123
114
224
168
243
366
59
163
215
9
263
157
199
205
183
234
216
237
265
251
252
260
257
280
234
239
243
246
244
217
186
185
163
157
141
120
102
117
100
104
78
60
72
87
78
70
52
53
80
71
74
67
63
58
65
63
55
45
27
39
46
37
25
30
39
32
39
21
36
34
35
50
33
43
31
43
46
67
111
65
87
105
126
210
229
282
156
57
86
178
86
159
65
36
57
22
51
41
10
29
30
20
33
2
11
12
14
7
18
6
17
13
2
9
12
5
40
103
114
193
182
139
310
383
273
395
411
227
243
239
146
170
79
25
21
39
89
187
232
212
116
130
285
525
467
434
244
233
275
317
252
154
39
81
45
28
72
116
110
131
71
43
124
206
234
241
195
71
66
140
147
116
83
36
27
15
45
35
24
29
29
40
53
40
25
37
30
44
52
68
33
33
21
31
32
30
49
60
66
85
64
106
214
135
210
229
193
91
126
94
100
119
95
34
10
23
10
21
43
5
34
29
23
47
38
50
77
73
23
45
53
6
2
21
11
19
34
141
199
202
133
131
218
484
440
455
320
276
240
311
223
144
48
85
36
17
89
183
227
225
149
140
265
479
459
453
262
212
236
316
260
150
58
64
38
17
67
120
114
133
80
36
142
217
248
241
194
85
70
145
159
92
86
36
22
22
52
89
94
118
67
95
154
172
257
224
241
98
85
145
114
133
101
26
38
23
19
24
37
18
5
13
18
39
27
10
15
15
16
30
6
14
11
9
17
17
11
16
10
17
18
22
24
74
46
42
71
70
8
54
30
18
27
37
24
31
38
120
179
212
142
132
203
483
458
466
282
247
238
331
228
149
30
76
46
37
90
210
407
506
528
648
1209
1756
1964
1898
2028
2595
3049
3077
2948
2990
3113
3160
3124
3112
3073
2874
2602
2528
2564
2362
1803
1292
1417
1551
1177
661
789
1019
933
687
560
514
393
253
249
446
746
952
956
1032
1581
2207
2448
2321
2400
2948
3429
3474
3313
3316
3424
3428
3339
3290
3223
2989
2690
2591
2631
2433
1859
1373
1499
1627
1247
703
818
1041
954
710
605
571
444
282
204
254
332
514
418
254
246
652
668
649
154
203
481
488
273
108
143
132
88
58
66
69
97
110
139
121
154
166
202
191
212
222
219
195
164
157
170
174
147
115
136
223
111
158
138
100
239
232
196
324
102
169
238
44
257
197
193
243
210
254
243
155
322
220
244
332
264
270
400
93
454
251
118
312
110
241
205
120
140
78
109
110
89
109
84
64
99
68
70
35
19
59
65
61
59
54
63
68
76
74
51
123
58
94
90
52
171
153
214
259
165
69
124
98
121
104
85
30
22
65
9
39
43
42
53
59
20
54
35
98
118
102
39
9
20
45
47
64
49
47
34
66
165
237
170
142
169
413
461
518
313
246
191
332
257
146
60
80
17
24
108
179
160
197
178
155
306
315
241
426
402
221
247
213
117
156
110
19
18
41
65
66
23
24
47
52
55
23
39
16
16
24
20
20
11
13
33
26
25
36
45
25
27
53
66
73
46
7
40
49
36
25
41
58
55
23
13
10
3
10
10
75
70
80
81
107
184
174
212
240
192
103
145
99
114
112
99
48
14
34
7
40
47
4
35
19
21
36
37
31
84
62
28
40
43
7
28
22
25
19
34
113
187
217
124
106
204
457
452
468
279
238
226
329
225
148
49
85
17
8
94
169
159
207
177
168
361
354
255
431
402
224
270
240
139
171
105
17
21
41
113
157
139
207
211
219
391
356
256
448
434
260
260
209
148
201
141
58
62
55
97
160
235
249
172
167
318
501
505
495
258
237
268
319
268
193
59
95
54
25
79
106
117
126
75
24
91
219
263
218
189
54
50
173
137
100
75
30
37
20
64
38
15
19
30
46
60
20
9
32
30
32
30
48
25
29
9
23
12
10
33
49
84
88
68
101
179
152
228
220
172
86
123
106
109
99
88
46
15
19
8
31
53
12
21
15
21
55
58
27
51
58
3
51
55
20
12
22
13
12
44
111
172
199
133
102
222
442
427
458
298
251
246
309
197
154
47
95
38
22
97
172
234
204
145
130
282
446
462
463
272
225
253
290
250
183
74
89
39
9
64
105
127
126
83
31
111
236
263
215
193
67
72
172
127
105
59
60
33
19
66
79
86
133
58
107
140
169
285
209
229
88
77
164
114
123
103
35
41
19
25
21
35
27
0
20
2
41
36
10
16
7
14
18
11
7
8
5
7
11
8
6
4
14
22
29
10
57
46
10
54
71
9
58
51
15
12
25
19
24
26
85
66
109
45
94
128
218
210
235
153
121
88
179
89
131
73
51
19
21
45
9
33
35
13
40
21
38
19
24
31
29
32
33
12
16
27
8
22
7
0
14
8
34
25
31
23
16
19
2
0
6
9
4
7
14
23
23
35
35
60
127
120
195
163
162
347
319
230
435
401
242
265
196
126
177
112
31
45
48
63
52
16
34
64
71
39
23
22
15
6
32
34
31
21
6
13
8
10
19
69
175
392
526
548
656
1132
1663
1917
1898
2025
2573
3005
3060
2934
2958
3085
3128
3097
3061
2972
2874
2684
2631
2378
2234
1915
1678
1420
1116
1083
904
988
877
890
788
742
629
510
336
250
247
297
368
399
425
441
500
520
526
487
469
475
454
429
380
355
315
289
267
242
140
202
110
154
210
143
210
228
216
265
50
124
165
90
136
82
63
38
87
49
70
86
352
524
608
1097
1232
1610
2113
2111
2566
2763
2728
3029
2938
2975
3016
2924
2921
2790
2678
2643
2350
2259
2138
1683
1667
1203
1151
1210
869
1121
948
1014
993
788
791
618
432
352
260
278
349
382
412
484
472
477
451
383
400
417
438
424
358
298
281
247
225
214
248
153
113
198
132
231
365
455
504
327
242
211
277
212
162
80
127
120
119
188
157
35
146
304
259
339
231
192
549
576
342
173
184
241
356
283
227
226
213
182
208
290
268
234
198
214
233
261
202
200
204
204
207
168
130
128
136
102
85
72
103
140
65
132
50
112
264
264
232
225
23
139
121
192
126
47
93
48
47
67
38
107
137
71
50
81
198
260
220
214
35
96
180
104
177
46
121
101
61
128
140
35
188
60
114
195
176
251
243
164
126
145
102
153
128
53
67
28
53
72
26
59
41
35
73
40
26
41
34
29
52
10
35
26
20
33
11
24
7
17
21
13
28
10
16
17
54
23
43
57
67
14
49
45
24
25
54
41
49
52
77
174
199
156
97
185
385
496
453
271
203
229
301
244
149
29
94
35
24
97
171
165
199
188
174
337
345
279
473
377
227
295
227
159
189
82
20
13
39
94
164
160
191
204
224
378
350
273
450
397
257
296
210
149
196
113
41
49
62
84
148
247
220
190
180
322
431
555
450
258
203
281
316
294
159
22
61
36
22
72
107
131
137
77
36
86
216
294
234
160
67
48
153
160
95
73
35
17
28
61
17
20
27
31
43
51
27
29
51
45
41
35
47
27
41
17
19
10
10
24
53
82
94
87
98
126
170
237
252
157
81
111
113
131
110
64
57
13
26
22
28
62
26
11
23
3
46
39
38
64
78
28
42
37
24
20
45
39
37
35
85
184
194
138
81
193
382
493
434
273
198
233
285
232
140
26
75
33
30
87
189
261
170
145
141
306
416
497
410
289
225
291
253
274
185
66
88
50
25
61
68
142
154
65
41
102
205
318
211
174
95
48
167
155
90
71
39
31
10
67
68
93
148
62
88
103
165
301
242
183
118
76
138
156
114
79
50
31
17
40
13
58
36
9
25
2
57
38
15
26
34
32
39
11
25
34
24
33
15
11
22
15
18
14
24
4
39
30
8
47
70
10
54
55
22
5
33
15
24
19
62
84
122
34
115
130
161
278
231
140
172
75
172
114
116
95
51
33
21
27
24
15
38
18
20
29
6
23
24
19
18
28
14
13
13
13
13
12
13
34
100
97
154
191
178
325
335
245
434
394
244
276
176
129
197
117
58
55
51
74
141
137
197
183
135
281
362
293
443
362
211
253
229
169
175
67
14
31
32
102
166
150
188
173
175
325
354
266
428
394
262
275
190
152
194
98
29
28
37
75
151
166
219
211
186
317
374
294
448
401
253
269
226
178
191
80
11
3
19
77
184
171
217
184
162
320
373
276
412
398
261
270
203
162
188
101
13
15
21
84
182
171
230
204
185
338
366
293
442
405
281
298
203
168
208
104
24
23
15
94
204
198
233
198
198
350
364
279
436
421
286
295
198
156
195
109
17
21
17
79
169
246
204
180
164
298
402
548
417
274
197
273
280
292
154
39
58
48
19
81
101
98
169
84
62
118
202
284
250
159
80
50
145
174
114
48
45
21
30
75
25
26
49
64
64
75
16
11
36
32
31
32
36
16
26
8
7
9
8
7
56
83
93
99
99
119
157
259
269
133
106
110
86
165
105
55
64
24
16
39
33
112
117
97
67
101
152
301
235
192
37
78
98
192
79
71
28
38
26
38
49
97
127
111
73
118
170
296
257
204
62
107
94
199
88
77
37
21
35
35
31
118
98
125
85
103
171
302
234
226
72
100
110
185
118
87
35
43
11
43
58
97
120
117
53
120
176
287
244
211
72
105
90
201
113
85
49
24
31
32
8
35
12
47
10
41
32
37
36
62
40
16
45
46
6
43
23
34
18
30
61
72
115
50
114
115
156
254
296
95
131
96
146
126
119
45
66
12
32
30
36
32
18
20
54
6
33
19
25
22
28
27
30
23
26
6
25
10
15
6
8
11
22
31
10
39
34
6
14
22
31
11
34
16
18
28
19
17
8
27
56
56
160
52
62
114
161
298
242
177
135
68
142
161
113
75
56
32
22
25
19
34
31
28
42
44
24
24
57
29
6
36
38
34
26
19
9
16
11
19
37
24
30
28
24
34
62
28
23
39
30
24
68
69
40
39
33
30
28
30
58
55
158
41
94
99
146
282
280
153
163
47
173
103
157
65
54
48
8
50
111
130
195
210
185
317
362
270
415
436
297
301
170
140
208
119
54
50
32
60
60
36
29
55
82
57
30
21
28
24
27
21
27
42
27
16
21
26
14
36
164
359
501
536
612
1060
1633
1930
1902
2002
2498
2959
3048
2929
2931
3045
3089
3073
3042
3000
2820
2563
2454
2486
2373
1890
1386
1390
1514
1181
677
773
1041
1012
793
672
617
511
353
295
368
433
540
399
268
338
809
743
707
62
327
586
586
359
197
305
318
294
272
305
286
140
60
285
274
304
309
294
499
512
260
185
263
234
237
85
16
36
59
117
203
358
459
432
477
995
1548
1853
1748
1819
2344
2820
2896
2752
2735
2866
2918
2875
2862
2809
2623
2507
2275
2208
2152
1645
1597
1301
1160
1187
793
1110
1011
1006
1039
831
829
648
454
349
275
291
347
354
370
413
438
454
417
379
381
378
407
380
324
272
246
211
199
202
244
166
122
210
130
219
343
483
484
362
211
238
217
259
169
72
104
106
82
130
120
63
93
90
105
112
104
126
147
163
166
154
182
195
190
188
190
214
237
228
205
222
259
260
255
221
224
246
213
186
161
148
165
165
151
133
119
92
96
122
222
386
506
508
589
1060
1644
1924
1864
1964
2474
2940
3035
2900
2901
3023
3080
3065
3044
3001
2823
2575
2468
2506
2372
1878
1374
1407
1527
1189
667
764
1039
1005
777
643
590
471
320
263
378
621
837
876
906
1362
2014
2384
2343
2341
2836
3331
3432
3292
3261
3368
3397
3329
3292
3242
3036
2725
2608
2688
2557
2029
1491
1557
1705
1360
803
850
1143
1117
881
720
672
562
404
310
344
452
440
279
222
168
661
948
478
69
197
422
558
330
81
161
109
148
86
99
44
94
161
173
156
106
178
237
243
207
173
194
218
199
183
164
161
154
125
143
179
150
95
111
122
140
128
93
131
143
152
151
144
152
190
225
240
251
250
222
162
350
440
289
212
129
579
744
372
88
61
295
440
274
51
95
39
128
99
125
214
353
459
493
551
1025
1613
1901
1866
1925
2435
2913
3009
2883
2897
3023
3082
3050
3036
3023
2861
2584
2466
2534
2422
1926
1362
1384
1544
1229
695
748
1042
1022
794
639
589
469
310
244
243
278
329
355
379
437
492
451
364
358
387
413
402
350
321
290
258
236
195
207
191
141
106
102
77
41
70
124
164
158
145
123
78
48
39
47
46
40
52
83
152
293
435
470
547
1041
1588
1851
1770
1830
2352
2845
2964
2865
2852
2954
2997
2962
2950
2928
2766
2507
2400
2433
2272
1762
1312
1440
1607
1290
836
982
1220
1150
925
795
750
623
444
372
457
658
854
920
992
1464
2092
2402
2310
2318
2821
3340
3464
3330
3281
3361
3376
3311
3273
3232
3032
2716
2571
2625
2455
1902
1366
1456
1646
1333
764
787
1049
992
764
627
593
480
317
219
258
366
435
304
211
115
605
887
491
30
137
360
506
321
32
110
72
110
67
87
11
133
193
200
181
133
192
243
249
217
183
199
228
209
192
177
163
152
116
132
171
145
85
100
127
143
136
103
146
165
161
161
155
165
195
222
246
255
254
229
164
347
445
281
191
126
582
720
395
116
53
287
421
254
75
99
45
132
97
139
244
218
115
120
137
288
433
452
441
385
289
319
159
327
253
125
157
90
87
64
142
250
246
137
91
237
469
544
425
335
240
312
249
287
174
68
96
76
55
116
201
196
238
223
198
302
422
503
486
355
236
287
244
334
206
87
118
58
38
55
73
113
220
57
89
147
116
292
306
184
110
47
108
208
126
77
49
15
42
53
49
81
149
71
74
113
127
249
283
219
98
67
134
120
200
60
69
73
29
68
26
62
60
33
42
28
35
37
21
14
32
5
22
7
12
21
13
17
20
8
38
23
15
31
35
19
67
45
18
26
45
14
42
58
37
3
41
27
36
35
117
157
191
144
73
198
446
474
446
308
166
248
263
232
178
52
93
69
25
66
93
33
33
10
20
84
68
16
68
65
18
36
20
30
39
13
2
14
9
17
41
32
6
24
22
46
60
20
49
54
34
16
33
33
15
9
12
4
16
57
132
117
147
192
151
285
424
251
356
499
294
271
214
142
182
111
42
20
20
66
69
25
114
97
90
133
118
224
268
223
118
67
111
127
155
50
58
54
10
31
37
66
30
79
56
27
62
68
28
64
43
6
54
50
11
20
32
21
13
45
123
158
225
168
89
207
456
476
498
359
189
238
267
259
188
67
86
55
15
55
157
189
192
119
88
199
407
468
462
323
186
236
257
291
183
59
57
52
14
69
186
219
216
133
102
243
463
504
470
321
196
262
277
291
182
60
63
43
6
66
213
407
516
522
589
1078
1714
1989
1862
1895
2393
2924
3076
2943
2939
3060
3109
3076
3050
3055
2890
2608
2475
2505
2375
1877
1320
1388
1580
1285
750
753
1061
1053
824
686
642
528
366
272
263
296
339
362
368
414
482
476
435
388
384
402
411
373
357
349
322
289
245
222
227
256
295
203
33
234
477
306
318
367
233
291
256
108
150
124
51
37
11
52
161
201
227
151
123
311
509
338
353
417
250
301
323
162
101
108
142
177
222
277
263
226
197
245
288
273
233
182
225
230
229
163
142
149
165
145
115
102
89
78
150
186
132
74
73
206
429
430
394
292
212
284
200
251
219
88
125
65
33
8
53
131
151
79
54
80
171
251
247
270
52
83
157
81
225
48
102
102
55
96
105
37
205
111
49
151
140
210
338
177
85
92
83
154
183
34
113
61
43
47
40
112
85
25
24
24
67
80
50
20
39
22
56
46
39
50
40
51
48
40
38
21
7
32
22
38
88
60
39
31
40
38
51
51
39
8
25
8
20
27
75
30
149
25
89
108
148
200
325
168
126
45
123
118
186
63
62
40
30
59
101
104
145
175
170
290
393
237
338
510
300
253
178
122
179
162
54
48
31
57
51
36
19
18
35
43
7
8
28
18
28
23
11
25
33
26
6
8
30
53
94
78
110
154
136
253
370
239
353
461
213
212
249
148
175
132
43
26
29
93
141
127
137
150
162
286
374
240
356
479
256
231
225
152
195
158
55
36
31
69
139
216
267
172
148
231
461
506
483
306
230
258
289
300
190
55
77
45
4
74
181
226
267
180
147
246
472
499
496
319
205
251
312
292
184
54
68
51
20
57
179
371
489
495
553
1028
1651
1952
1889
1918
2417
2939
3093
2960
2946
3066
3135
3084
3068
3043
2873
2754
2563
2430
2359
1873
1730
1439
1107
1239
865
1015
934
882
976
757
735
608
390
296
287
214
388
478
358
441
580
281
745
353
446
530
382
440
431
323
360
265
260
257
276
411
467
703
885
1188
1403
1848
2036
2501
2604
2891
3001
3111
3162
3147
3162
3100
3053
2959
2800
2744
2567
2342
2209
1781
1729
1464
1048
1145
836
1070
1007
966
1064
858
851
723
539
417
259
187
167
162
185
234
246
255
247
241
251
242
258
248
236
244
221
218
194
188
179
178
150
131
126
79
110
136
192
213
164
128
102
61
43
52
57
80
65
92
115
114
98
83
96
83
98
126
172
188
142
115
131
143
168
178
187
204
221
207
110
92
258
379
484
926
1090
1340
2027
2055
2391
2718
2637
2928
2978
3015
3121
3025
3034
2972
2865
2693
2515
2554
2416
1946
1465
1454
1616
1327
825
891
1132
1096
860
701
674
571
421
337
404
614
830
893
950
1402
2011
2369
2380
2405
2899
3418
3543
3166
2950
2955
2928
2816
2754
2695
2551
2394
2271
2121
1889
1611
1385
1204
1099
1030
1057
1149
1175
955
741
587
464
325
208
166
199
264
325
325
300
296
325
343
315
277
264
264
231
192
170
144
121
86
83
90
106
143
179
194
201
223
242
255
226
211
219
215
190
168
159
167
167
160
155
140
138
145
129
103
94
104
113
107
96
96
123
144
163
170
175
182
199
218
226
234
223
225
237
242
225
205
195
205
202
187
168
151
139
136
119
107
91
70
55
48
49
45
40
36
38
44
50
56
63
71
74
81
83
78
81
82
78
76
71
66
62
49
44
35
27
26
18
3
8
13
13
21
28
35
30
37
32
29
27
24
16
20
26
19
19
17
20
27
30
36
40
40
40
47
43
47
43
41
44
44
45
43
41
34
34
34
30
31
33
38
32
34
31
32
31
26
24
16
12
7
4
2
7
4
2
3
3
2
6
8
12
13
15
13
12
9
7
11
15
16
19
25
22
20
21
15
15
15
11
9
6
7
4
9
5
2
3
7
9
6
9
4
6
9
13
16
20
16
18
11
14
7
11
10
11
12
13
6
4
5
5
9
9
15
11
7
6
10
9
8
7
4
4
0
1
5
3
3
3
3
8
9
11
9
8
11
6
8
5
1
5
7
13
10
7
10
10
7
7
4
9
9
11
13
11
10
12
9
14
19
15
14
13
10
13
10
15
10
9
11
13
8
5
6
5
3
8
7
7
12
12
12
10
8
14
14
16
11
8
8
9
9
11
7
4
3
3
6
8
5
2
1
6
6
6
8
7
4
5
9
10
12
14
15
20
16
17
13
11
9
12
9
13
13
11
6
4
7
2
1
7
10
12
14
21
15
14
14
6
2
4
8
9
11
12
13
16
14
18
21
26
26
25
28
21
21
14
11
9
8
11
11
9
1
4
9
10
12
13
8
3
5
4
5
3
8
7
8
8
5
1
5
7
11
10
7
2
1
5
7
0
1
6
10
9
15
17
17
18
12
11
9
13
15
17
20
14
13
9
12
12
13
12
11
11
15
16
18
21
22
18
16
17
21
27
28
27
26
21
19
14
10
10
8
9
9
10
7
4
5
7
6
10
10
17
14
10
11
8
8
10
12
16
13
9
12
13
10
10
10
11
11
14
15
9
14
19
22
21
19
18
12
14
12
15
13
11
8
0
1
0
4
6
4
3
3
6
8
11
3
8
3
6
6
2
3
6
10
11
13
17
17
15
13
17
15
15
15
17
23
22
21
21
21
21
18
17
14
17
16
13
5
4
1
4
5
6
4
6
11
7
9
4
4
2
1
7
14
14
16
10
10
9
8
7
10
11
8
10
6
14
13
18
27
25
29
32
27
25
20
18
12
8
6
5
5
4
12
12
5
5
7
3
6
2
7
8
11
13
7
5
6
12
12
14
15
14
11
15
15
17
14
13
10
14
14
14
15
14
7
3
2
8
9
5
5
6
6
18
9
16
16
12
11
11
12
14
14
16
15
11
14
6
2
4
7
7
10
8
5
4
8
7
8
8
3
1
5
9
9
8
17
13
13
17
15
13
13
16
14
10
6
3
6
5
9
11
6
1
3
8
10
11
14
18
12
16
11
10
4
2
8
11
9
10
9
9
14
19
23
17
13
10
8
9
15
12
10
9
8
8
8
10
13
14
11
3
9
4
5
3
3
2
2
3
9
12
9
7
5
2
4
3
5
6
9
4
1
4
4
3
6
5
4
5
6
5
9
16
7
9
6
2
0
5
4
6
10
13
10
9
17
19
20
30
28
18
12
15
20
25
20
18
14
12
6
10
3
4
10
9
6
0
3
10
5
8
12
12
8
13
19
20
28
8
5
6
5
7
2
3
7
5
5
3
10
11
13
24
21
22
24
21
16
11
11
6
17
12
7
8
8
8
10
10
12
8
4
12
5
5
2
5
6
4
7
9
9
17
17
14
16
20
25
24
20
23
10
17
5
12
20
6
21
21
14
15
10
13
11
12
11
14
15
13
3
12
3
12
4
19
19
8
17
17
22
13
26
24
30
23
24
52
36
59
48
61
57
56
52
56
59
55
44
28
21
24
17
34
36
44
43
11
16
13
15
17
15
20
15
18
11
12
17
20
20
21
18
16
9
18
4
10
16
15
18
12
22
17
17
6
10
13
21
22
22
22
20
23
20
23
18
17
16
14
10
10
13
14
14
8
6
2
4
7
10
15
12
11
9
9
6
10
7
7
4
3
7
9
10
9
10
2
1
2
3
6
2
4
7
8
5
8
12
14
17
16
13
12
8
10
12
15
21
20
16
14
18
17
20
20
18
13
9
4
3
1
3
1
5
9
8
12
8
4
9
10
7
8
1
8
7
5
5
8
11
14
14
11
12
16
12
14
11
10
9
7
10
10
16
14
14
21
22
27
30
33
33
30
27
26
24
21
18
21
20
20
16
17
17
17
16
13
14
10
7
4
8
11
13
12
12
11
10
6
7
8
7
5
2
4
5
1
3
4
5
10
11
17
16
18
15
13
13
18
18
15
14
18
16
11
5
15
17
18
16
6
9
5
13
9
10
10
11
8
17
15
7
16
14
17
10
5
10
10
9
13
7
10
10
7
6
13
11
9
10
14
19
19
18
13
11
6
3
4
9
7
8
10
6
3
9
3
4
5
6
6
4
4
8
2
5
8
10
15
12
22
20
19
16
17
22
15
19
15
16
13
14
15
12
11
10
5
12
5
6
3
5
11
14
19
21
21
16
18
8
10
13
15
15
13
10
8
8
3
3
6
6
6
5
0
5
10
13
15
25
30
25
27
23
28
26
27
32
36
34
37
37
37
41
33
35
28
30
29
32
32
35
38
33
27
24
24
25
25
21
13
17
13
9
19
18
17
17
18
11
11
10
5
3
9
10
11
16
17
17
12
11
4
3
7
11
16
12
21
19
23
22
25
29
29
20
19
17
13
14
16
20
27
28
31
30
28
31
30
27
25
18
18
10
16
23
26
32
38
32
32
33
28
19
20
17
16
21
12
17
20
27
23
30
24
19
20
17
20
17
22
16
22
21
16
18
25
22
28
28
23
25
30
26
33
28
25
23
19
18
16
19
16
20
20
19
15
14
14
8
2
10
10
7
8
8
7
13
18
15
15
6
10
8
11
14
12
13
12
9
9
13
15
18
16
19
17
22
23
19
16
7
11
13
11
7
5
7
2
5
10
5
10
6
10
11
13
18
14
9
10
18
15
14
16
13
16
15
16
14
12
15
14
18
17
17
12
5
13
17
16
11
14
13
12
8
8
9
14
14
10
12
15
21
25
24
19
14
16
12
8
16
20
21
20
14
8
5
8
7
12
14
10
8
10
11
8
9
7
6
4
6
7
15
13
11
11
12
16
19
24
32
33
38
40
40
36
38
40
31
35
59
35
37
39
19
16
12
5
7
8
15
15
15
12
13
21
21
24
28
22
38
44
21
26
24
22
22
30
36
22
22
27
20
9
6
15
6
14
12
12
6
6
11
11
15
20
19
16
18
14
10
3
1
2
4
7
11
18
22
23
22
15
18
19
16
11
12
8
10
10
8
8
6
3
7
11
9
17
18
10
15
14
14
13
10
8
12
6
3
7
4
1
2
6
11
15
21
22
24
24
26
26
24
20
18
20
21
17
15
20
18
21
21
20
15
12
6
2
4
4
7
3
4
3
4
7
9
6
7
4
6
8
9
10
13
12
19
13
12
17
13
10
10
14
16
22
24
18
18
21
22
19
22
23
12
10
5
7
10
7
9
10
14
12
14
12
12
16
19
20
21
17
20
19
9
11
7
13
13
9
9
8
8
6
12
15
16
16
21
23
24
20
20
17
17
15
19
19
18
17
15
16
17
20
18
20
18
22
17
15
16
17
15
10
11
16
11
11
9
9
13
11
5
7
12
17
15
14
11
7
5
2
6
13
7
6
10
7
8
5
3
7
13
10
14
10
9
5
4
5
5
4
3
5
5
8
7
7
15
11
11
11
9
13
15
11
12
11
9
8
8
8
4
6
12
13
13
8
13
12
10
12
15
20
18
15
11
6
11
9
8
10
6
3
6
7
7
10
6
3
8
8
7
5
7
4
24
69
84
78
214
212
297
319
335
388
374
343
374
367
343
335
368
376
377
425
393
344
320
317
168
180
88
73
60
33
32
83
72
78
114
121
109
111
122
122
123
104
66
81
82
74
85
94
108
119
118
109
95
82
74
46
49
24
32
34
30
25
32
36
38
24
43
44
41
51
65
76
54
51
65
60
61
58
58
55
48
55
46
24
34
44
43
32
20
32
38
54
48
44
71
67
67
60
57
47
36
54
69
50
45
31
18
41
28
30
28
43
20
4
38
25
30
35
32
12
35
69
78
62
59
69
80
49
33
47
68
74
54
61
61
70
33
29
48
32
32
37
22
7
16
7
7
16
30
34
25
19
11
21
21
17
28
28
39
41
36
51
50
54
49
45
47
37
56
55
66
86
77
50
56
45
60
85
91
79
78
56
46
48
30
56
66
68
50
44
27
24
26
38
45
49
46
18
15
27
5
39
39
29
18
22
34
34
19
31
20
22
25
20
22
27
19
18
29
10
24
25
38
33
28
30
33
43
30
38
51
34
19
17
21
25
28
26
13
20
26
29
31
17
21
23
25
26
31
38
37
52
47
49
43
51
53
56
54
52
45
30
42
48
40
37
30
21
13
2
7
6
4
3
5
7
6
6
3
8
11
14
2
2
10
11
15
17
18
17
16
14
15
10
12
4
2
3
3
5
11
4
6
6
4
4
9
7
8
9
5
10
4
0
4
4
4
6
2
7
8
7
10
17
20
8
7
10
6
4
2
8
4
8
9
9
8
9
6
5
8
6
6
5
6
10
10
8
9
7
7
8
8
4
5
5
4
6
1
4
6
10
8
15
13
7
27
20
30
61
24
18
13
13
14
4
18
18
13
19
20
26
27
46
37
30
14
22
41
81
51
37
8
19
12
25
13
8
20
23
13
17
16
21
16
17
33
40
20
7
9
2
32
42
28
13
10
10
17
16
12
8
7
6
8
8
11
13
7
8
13
15
2
4
8
9
5
5
14
13
19
20
27
28
15
18
21
19
20
26
24
24
22
22
21
22
23
26
29
24
24
23
23
16
14
9
11
8
3
3
2
3
5
2
3
4
4
10
7
4
4
10
8
5
6
5
6
2
2
5
9
9
6
1
3
1
1
2
2
4
9
3
5
6
10
9
13
12
12
8
16
18
21
20
19
22
20
26
21
23
17
14
13
9
1
4
6
5
8
5
12
7
10
10
14
15
16
4
7
4
6
4
7
5
2
7
4
7
2
2
3
2
6
5
0
3
4
4
8
12
11
11
5
9
9
7
11
7
7
9
7
6
8
10
12
14
20
15
15
12
8
5
5
5
7
7
12
12
8
11
7
2
7
7
10
7
16
14
13
14
10
10
15
14
14
9
12
12
14
12
11
11
10
9
9
11
12
11
11
11
5
4
5
4
6
11
16
16
10
7
6
13
7
6
5
13
8
9
6
6
9
11
11
7
5
8
11
11
10
10
9
9
9
13
14
12
15
13
10
10
5
6
6
6
7
7
8
7
3
10
9
7
11
11
5
5
3
4
8
9
7
9
11
13
12
12
7
3
3
2
4
7
11
15
14
10
14
16
19
19
14
13
14
11
11
12
10
14
19
16
14
11
11
12
13
17
14
9
6
5
7
5
1
3
1
0
8
11
19
16
19
21
15
12
10
2
7
5
2
4
5
7
5
5
6
11
10
11
11
10
8
5
6
5
4
2
4
1
1
3
1
3
0
6
4
8
11
11
8
7
4
5
7
4
5
8
6
2
1
1
0
3
3
7
8
10
11
7
11
8
11
14
12
9
11
9
7
6
3
8
5
7
3
6
6
8
5
5
3
6
12
10
6
9
7
7
7
6
5
11
6
11
7
7
7
7
7
2
0
6
6
6
8
10
8
3
5
8
13
12
13
13
9
4
7
7
6
6
7
1
5
3
3
7
9
9
10
7
4
5
12
15
12
11
6
4
9
6
4
2
1
2
2
6
4
4
0
5
5
8
11
15
9
5
5
7
6
8
3
6
5
6
12
12
13
11
16
13
14
7
8
5
8
9
6
4
5
7
12
8
4
2
9
9
10
11
7
8
10
15
11
10
9
10
17
15
21
20
27
26
27
24
19
18
15
12
18
16
9
7
8
9
13
19
15
13
12
15
16
12
11
7
5
5
12
12
11
11
9
7
12
11
12
11
5
9
7
5
7
8
6
4
3
1
7
8
12
12
11
11
16
10
8
9
7
13
9
10
8
12
11
9
5
2
10
6
8
9
8
9
13
13
14
16
10
13
15
13
16
11
11
11
14
11
6
8
7
7
5
2
1
5
11
13
10
13
15
11
14
16
17
21
22
18
18
15
16
9
4
3
8
9
9
7
4
7
4
3
5
3
7
10
13
15
15
13
16
11
7
4
1
4
6
7
5
6
17
15
15
16
16
13
17
14
20
16
21
22
16
18
9
14
8
9
7
6
2
5
3
6
6
3
5
0
7
3
10
10
5
5
3
9
11
15
16
14
17
15
18
17
17
15
13
14
17
20
13
17
15
16
13
13
11
9
6
2
0
4
9
7
7
7
11
12
11
14
13
15
14
16
17
17
11
8
11
5
3
7
13
12
13
13
9
8
5
9
14
16
17
18
19
19
17
14
17
13
12
7
13
8
9
9
17
14
16
10
6
10
9
11
11
13
10
11
14
8
12
13
17
15
22
23
24
21
20
17
10
5
9
7
7
1
5
0
2
1
5
5
5
7
15
17
16
15
14
14
11
8
8
14
18
15
19
21
23
20
22
21
18
20
16
16
19
18
19
17
16
14
20
16
12
19
21
15
13
10
6
9
15
8
14
9
5
6
2
3
4
8
10
13
13
11
12
11
11
16
10
10
7
4
5
1
2
2
4
2
1
3
2
5
10
13
15
15
17
19
16
14
16
9
11
13
16
18
19
18
19
27
22
18
11
11
6
6
3
5
5
1
