3
11
20
12
22
24
27
38
35
43
45
46
39
24
28
17
13
8
11
21
14
14
15
7
13
26
24
29
41
47
36
29
29
26
28
40
32
22
15
16
9
19
26
23
31
47
42
40
58
45
53
36
30
32
12
16
2
6
6
15
11
10
20
21
34
50
52
48
46
49
49
40
40
29
21
9
17
18
18
15
9
11
5
16
20
37
42
40
52
51
53
49
41
31
32
30
37
43
39
24
25
17
15
11
17
25
30
23
30
41
40
45
20
6
22
26
28
21
15
24
13
1
10
35
48
65
66
58
53
46
45
33
34
36
37
36
36
23
23
31
21
15
21
31
37
36
19
10
11
14
16
5
10
20
38
41
44
39
47
35
35
23
17
18
24
39
38
53
50
37
28
28
30
22
10
2
16
23
35
29
31
23
15
26
24
16
22
9
9
20
29
15
4
7
22
43
39
38
20
2
14
23
29
9
18
34
23
26
21
5
19
33
34
22
9
26
29
34
34
34
28
29
18
35
37
37
38
38
28
27
36
42
44
49
56
63
53
53
51
40
16
19
26
23
16
18
14
9
7
16
38
35
38
28
22
22
24
25
19
4
10
11
7
14
20
14
14
12
15
10
25
24
28
21
24
36
42
45
38
25
27
23
22
16
19
28
19
22
3
29
43
61
53
50
32
18
23
23
21
6
24
41
55
55
51
30
10
25
28
32
26
25
37
31
20
14
22
21
21
27
23
21
34
19
6
6
11
12
30
15
30
41
49
44
29
31
18
10
14
19
3
18
15
15
10
5
15
25
43
22
28
32
43
28
16
25
19
10
6
21
21
33
28
30
28
22
12
28
36
46
50
53
38
25
38
49
54
48
25
23
35
42
14
9
16
21
27
31
34
45
41
54
47
49
51
46
42
22
15
21
18
28
16
7
8
10
16
24
28
34
42
40
48
47
47
45
18
14
21
24
29
34
41
42
37
34
28
34
38
46
53
55
42
34
25
22
32
46
47
37
38
37
28
25
25
9
16
26
29
23
17
30
35
34
18
21
30
38
48
56
54
36
38
28
36
40
27
21
22
30
23
12
15
19
30
40
46
50
51
44
39
43
45
23
21
16
18
12
7
11
23
32
24
12
29
42
43
43
39
39
26
38
35
11
10
10
13
16
20
25
14
21
13
5
6
5
5
24
23
17
19
25
25
33
32
25
39
47
38
40
36
30
32
24
26
23
17
8
13
9
18
15
9
14
32
47
48
43
41
32
19
21
20
21
12
27
37
51
41
38
19
18
10
14
20
32
36
29
25
19
11
9
14
19
15
19
16
27
17
11
5
12
13
15
23
26
23
24
19
19
16
21
41
41
35
37
43
42
52
32
16
13
16
15
24
28
27
26
19
12
11
21
35
16
13
19
32
42
32
16
3
13
31
29
26
34
38
37
30
20
24
28
11
18
29
31
25
30
21
14
10
3
13
9
13
14
27
19
12
16
19
32
45
51
59
68
58
49
47
47
41
37
42
41
37
34
44
31
22
10
4
6
14
25
29
27
21
24
37
34
20
24
38
53
58
62
40
22
22
28
31
16
22
35
57
44
28
25
35
47
54
54
51
53
50
52
47
41
37
35
24
21
35
29
30
9
13
17
33
28
16
13
30
43
37
34
29
19
14
17
13
9
16
23
32
27
28
8
15
27
33
37
49
44
47
53
53
44
20
7
17
30
28
22
20
27
31
13
12
16
16
20
42
29
19
12
20
34
24
27
43
53
50
49
51
47
35
27
24
28
21
18
18
8
6
7
18
20
13
26
40
47
42
37
40
30
29
25
19
4
9
15
12
15
5
11
20
16
26
24
30
40
47
37
35
17
23
18
10
27
43
29
33
31
26
24
21
9
15
11
16
29
22
25
13
7
11
14
24
35
42
28
7
29
29
38
18
11
17
19
19
24
24
9
14
9
23
24
25
39
38
25
28
39
27
27
15
13
15
19
17
23
22
22
21
21
30
34
39
46
41
35
38
45
31
12
13
22
35
42
46
36
30
22
12
10
14
19
28
40
45
43
48
44
33
23
26
33
43
42
56
54
40
23
5
5
25
24
31
36
37
17
9
25
43
47
38
34
39
45
34
20
26
27
19
13
3
20
37
39
37
31
25
42
45
47
30
25
40
55
61
54
36
17
10
12
8
7
7
11
7
20
6
9
25
42
39
42
38
36
33
29
13
14
1
8
29
20
7
15
17
21
28
28
35
43
42
34
35
44
39
38
34
22
4
15
24
8
16
26
29
27
17
18
27
39
50
34
18
25
32
27
24
24
19
20
16
19
10
8
11
8
13
15
21
21
16
9
22
18
29
16
10
13
11
14
19
11
17
19
20
18
5
5
24
30
26
25
17
5
9
7
21
31
29
31
44
30
26
16
10
14
9
12
15
26
22
23
8
8
8
7
7
17
20
31
26
17
5
12
23
26
18
7
26
37
35
20
14
17
22
22
20
31
24
35
67
109
192
296
410
512
695
962
1226
1360
1486
1670
1838
1934
1995
2029
2057
2037
1988
1941
1919
1916
1890
1778
1598
1446
1252
1001
798
695
647
622
527
415
319
251
185
115
72
98
215
243
309
112
103
141
304
186
382
505
512
601
321
212
230
186
172
126
111
137
179
233
195
75
123
180
115
37
29
116
218
150
110
173
114
20
82
98
90
75
94
135
14
76
43
65
193
161
169
68
24
70
48
149
48
6
26
35
49
20
33
48
68
56
44
34
46
64
36
23
13
17
13
10
28
56
52
46
46
38
28
26
19
30
34
19
15
33
33
53
70
60
43
56
71
90
99
97
109
107
77
72
69
74
85
70
40
25
19
34
40
30
46
49
57
46
43
37
54
39
55
124
103
206
313
350
82
182
351
224
248
124
289
158
143
59
92
59
69
86
119
105
94
89
90
73
14
25
17
40
41
85
61
55
57
27
30
41
8
58
36
23
73
69
6
140
85
40
164
86
19
120
69
16
70
28
40
32
30
13
20
81
40
55
7
69
48
198
67
86
18
84
53
97
33
26
28
19
17
17
52
51
234
180
263
226
306
259
138
347
316
282
109
190
46
46
17
29
17
65
90
170
238
280
276
233
148
146
205
246
289
276
215
116
72
105
97
47
52
89
9
76
182
466
631
835
899
1061
1412
1295
1385
1531
1575
1831
1954
1976
2003
2000
1969
1950
1894
1863
1905
1784
1616
1638
1492
1185
1110
954
641
539
521
353
234
234
201
146
122
87
48
171
204
256
451
418
224
153
298
191
171
138
139
120
188
115
37
42
14
54
91
132
79
49
95
150
60
110
67
95
17
93
66
127
62
63
79
80
75
36
57
144
321
283
287
199
220
260
101
298
311
336
226
287
75
32
36
33
9
43
97
141
337
317
353
549
700
864
1177
1191
1485
1744
1727
1898
2059
2107
2056
2000
1970
1989
1942
1868
1827
1827
1831
1823
1807
1854
1892
1902
1934
1979
2003
2003
1969
1964
1992
1993
1979
1953
1922
1891
1948
1851
1659
1678
1576
1274
1206
1116
828
720
719
570
420
386
323
232
183
135
42
181
200
243
421
365
171
95
301
197
150
113
75
110
253
221
161
155
147
136
184
238
226
193
196
167
105
50
42
91
121
77
10
56
72
70
62
61
92
110
133
108
52
99
115
65
50
51
59
150
163
111
90
142
145
119
92
85
113
145
133
107
159
230
243
221
185
146
252
361
375
310
173
72
29
24
62
85
52
54
191
337
388
333
206
80
18
11
152
348
480
455
293
141
153
174
133
78
88
103
121
35
164
331
593
675
982
1156
1150
1420
1421
1489
1766
1811
1896
2040
2060
2048
1988
1949
1931
1867
1753
1704
1671
1602
1402
1129
1004
980
854
647
445
401
403
342
234
170
168
136
67
58
253
205
238
440
608
830
1088
1044
1349
1597
1560
1707
1838
1885
1895
1854
1871
1886
1856
1745
1558
1643
1645
1590
1433
1005
915
1077
904
649
430
322
489
355
239
153
188
206
119
58
233
376
410
376
286
283
312
231
154
178
205
130
44
47
68
33
25
60
31
115
189
477
635
824
899
1048
1402
1247
1333
1464
1513
1753
1889
1881
1914
1885
1850
1841
1769
1740
1815
1712
1547
1585
1457
1182
1122
1006
683
559
547
395
291
285
221
155
129
95
95
242
255
302
463
425
245
160
368
244
129
95
49
48
176
111
35
51
13
23
60
114
246
357
619
731
1045
1202
1181
1455
1445
1511
1791
1857
1933
2052
2040
1989
1930
1898
1870
1786
1678
1629
1631
1566
1350
1085
984
978
863
645
435
373
389
336
221
129
122
116
70
178
356
447
444
340
250
251
242
215
188
173
152
124
69
40
76
75
68
43
57
129
242
512
648
829
944
1109
1481
1324
1418
1549
1612
1853
1981
1961
1984
1962
1914
1858
1785
1742
1785
1670
1513
1540
1422
1144
1094
995
700
573
571
415
280
263
189
128
110
66
84
228
212
260
428
389
231
156
393
269
130
97
52
47
184
114
51
36
20
56
99
59
89
50
62
87
118
90
45
185
68
64
128
42
84
24
34
68
77
62
101
76
58
147
42
78
159
35
131
141
21
116
98
52
113
45
46
64
52
60
39
40
64
15
53
99
54
174
72
34
65
105
19
66
83
78
60
47
65
53
49
85
256
226
313
266
253
289
48
327
247
244
183
258
60
9
54
54
38
75
95
207
272
292
248
194
103
98
169
258
339
330
244
114
68
90
80
27
44
70
20
107
187
448
571
753
866
1042
1407
1244
1349
1478
1560
1814
1962
1939
1978
1987
1954
1928
1882
1836
1849
1710
1525
1555
1444
1148
1067
954
659
512
527
402
284
279
230
184
147
99
33
169
178
238
407
396
225
140
371
239
165
140
54
102
225
127
55
33
28
62
117
127
57
27
43
72
83
152
184
161
80
68
87
123
30
65
73
49
82
73
69
166
345
285
304
209
171
233
103
325
307
311
218
256
40
40
18
48
34
12
74
167
350
342
366
555
753
915
1203
1158
1469
1697
1737
1877
2038
2043
2027
1965
1957
1970
1947
1869
1844
1836
1837
1835
1817
1848
1882
1884
1917
1956
1974
1966
1940
1933
1953
1946
1935
1929
1905
1879
1909
1809
1627
1649
1572
1262
1167
1103
828
697
698
545
376
329
284
196
155
143
49
70
180
27
195
286
155
43
334
185
323
370
153
104
334
235
169
141
158
180
168
106
54
138
236
243
183
171
238
300
325
264
192
97
48
29
85
96
56
51
146
246
303
306
238
154
92
115
179
238
297
293
252
145
62
91
104
71
25
45
106
100
123
87
61
114
64
51
91
160
28
121
115
103
195
109
91
83
100
106
120
177
238
236
181
115
92
80
163
294
366
381
300
184
101
97
90
47
69
95
109
91
34
33
46
41
55
13
69
136
98
22
70
61
18
27
53
62
48
10
38
29
137
145
285
191
271
207
217
337
217
311
141
176
26
36
36
30
41
61
94
130
172
217
241
214
153
165
235
277
294
258
205
109
34
59
71
41
12
20
30
83
194
451
558
739
878
1048
1396
1218
1326
1450
1544
1791
1934
1901
1949
1939
1929
1925
1913
1826
1678
1680
1720
1742
1396
1074
926
1040
950
588
344
300
382
294
184
94
125
138
72
97
268
264
243
336
665
895
1030
1085
1435
1603
1724
1748
1874
1956
1946
1865
1870
1883
1798
1678
1680
1613
1466
1489
1365
1056
1034
999
697
554
589
507
394
364
303
240
248
189
47
144
205
262
436
430
269
192
461
265
115
109
14
102
215
101
84
53
54
120
204
171
159
138
293
277
329
179
288
463
229
155
105
191
123
57
162
167
188
172
162
140
97
55
32
55
47
44
85
68
45
19
26
52
87
103
108
117
102
60
109
186
247
157
261
278
265
192
215
487
288
142
139
277
113
30
86
97
120
144
127
101
221
185
301
294
285
289
130
410
269
163
148
204
46
53
65
87
63
64
102
209
347
356
390
567
767
974
1191
1113
1432
1658
1725
1864
2039
2022
2040
1979
1979
1973
1923
1811
1762
1745
1726
1718
1694
1723
1759
1791
1830
1868
1893
1889
1879
1897
1909
1912
1894
1881
1853
1841
1880
1778
1592
1616
1539
1213
1150
1100
818
677
705
590
432
392
366
293
243
195
47
101
133
208
375
365
203
142
417
241
140
74
81
63
256
193
137
149
148
140
177
184
208
162
194
163
17
128
58
122
20
62
99
13
74
18
42
41
73
74
84
83
103
170
109
127
246
107
143
270
114
147
196
104
111
73
51
57
58
62
52
54
119
70
48
39
135
123
218
95
33
21
100
90
124
70
44
45
70
53
54
62
192
187
313
312
287
232
115
423
283
216
181
216
13
67
85
94
57
57
116
220
264
276
253
200
137
130
192
249
322
313
258
138
92
134
148
86
67
89
66
55
168
446
577
762
897
1112
1411
1246
1368
1485
1594
1817
1954
1905
1968
1976
1956
1925
1859
1829
1884
1782
1606
1638
1509
1180
1104
1015
708
541
545
412
250
240
211
169
130
88
40
170
181
261
411
398
228
170
433
249
170
120
41
101
218
99
24
27
19
51
103
72
36
86
118
119
59
49
194
99
31
43
118
92
25
76
85
84
80
61
48
163
303
250
297
229
191
174
84
347
304
328
315
296
103
41
108
84
40
40
78
180
313
333
313
516
704
935
1167
1166
1480
1696
1763
1853
2042
2042
2061
1983
1970
1932
1881
1803
1796
1807
1789
1775
1776
1808
1853
1892
1927
1975
1981
1993
1968
1967
1994
2005
1963
1926
1891
1893
1940
1844
1650
1673
1588
1262
1196
1162
874
691
725
590
413
363
310
222
132
85
112
173
191
64
251
314
141
89
311
197
253
298
183
64
289
201
193
164
165
182
186
112
6
140
269
277
210
187
257
326
350
284
187
77
16
15
38
82
110
75
80
121
160
210
155
177
253
94
122
207
46
96
124
13
39
64
60
79
77
70
61
90
166
329
550
724
983
1111
1182
1321
1323
1463
1676
1763
1950
2103
2078
2052
1998
1947
1944
1966
1949
1846
1741
1519
1239
1089
820
638
712
606
507
512
372
305
234
149
127
157
172
104
36
174
398
596
876
1044
1176
1332
1306
1409
1603
1674
1799
1923
1903
1914
1883
1852
1854
1888
1874
1781
1694
1485
1198
1041
773
589
659
559
471
501
396
334
272
223
203
223
263
298
311
181
101
134
241
120
286
496
483
489
283
207
211
193
206
157
139
152
171
150
183
135
190
129
168
98
253
437
335
309
107
29
104
83
11
59
84
38
50
76
74
97
134
130
91
11
212
115
67
73
198
155
125
78
103
111
127
92
73
45
180
171
274
259
234
130
107
360
282
301
282
221
85
31
77
58
59
37
82
188
257
280
229
146
66
58
125
247
333
334
269
129
87
142
140
87
84
92
67
34
164
377
480
689
831
1102
1363
1248
1376
1475
1586
1809
1952
1905
1980
1980
1942
1882
1838
1759
1778
1733
1538
1622
1466
1052
1001
1129
703
583
551
415
351
281
227
173
159
122
56
126
135
289
367
324
548
897
994
1120
1411
1389
1555
1810
1847
1784
1890
1883
1921
1902
1854
1706
1702
1685
1526
1603
1442
1039
1009
1150
708
589
527
406
407
316
263
233
236
181
123
51
53
224
272
254
493
868
960
1081
1405
1410
1580
1854
1912
1863
1967
1974
1968
1921
1829
1726
1742
1631
1455
1484
1376
1052
1034
999
696
546
558
452
317
308
265
232
198
141
27
84
176
264
361
450
218
227
450
124
162
96
90
77
195
57
15
22
24
66
70
59
74
61
84
78
80
82
72
71
56
43
36
17
32
68
76
92
98
86
79
160
248
312
297
247
170
160
232
296
322
264
193
116
80
52
51
93
63
39
72
208
334
281
278
200
248
180
121
405
259
222
177
121
122
48
81
43
69
85
68
26
160
341
536
755
997
1196
1304
1374
1487
1586
1704
1862
1966
2018
2040
2031
1981
1916
1847
1821
1843
1736
1569
1582
1485
1162
1112
1079
751
586
627
482
305
274
248
188
151
116
64
147
198
106
261
370
150
190
351
184
236
326
217
68
259
150
102
62
42
56
88
154
278
303
330
602
854
998
1032
1169
1510
1709
1682
1788
1875
1903
1950
1874
1825
1832
1806
1780
1749
1646
1545
1418
1185
949
804
717
664
632
590
523
418
302
186
133
144
146
193
228
237
221
187
258
314
267
221
233
193
147
133
107
76
69
89
85
89
79
87
106
125
110
76
153
214
175
81
97
81
58
56
51
42
30
35
71
82
81
87
141
186
346
539
697
952
1121
1225
1326
1341
1469
1659
1759
1920
2019
1984
1992
1935
1896
1892
1918
1896
1816
1725
1504
1246
1042
732
621
677
557
476
474
339
252
177
111
99
133
183
226
187
91
150
290
292
197
296
460
503
409
273
134
101
146
142
83
41
69
123
248
355
418
379
586
856
1123
1150
1209
1460
1640
1779
1816
1935
1975
1973
1869
1838
1849
1790
1699
1712
1614
1453
1476
1377
1068
1074
1037
718
577
622
484
313
273
192
129
133
96
63
199
231
312
449
468
296
365
543
291
96
28
116
81
205
85
29
21
16
29
55
107
217
293
321
301
248
238
278
315
291
242
173
78
34
104
100
70
57
76
97
143
175
219
230
197
145
130
192
263
301
278
198
112
94
135
126
91
71
110
138
140
124
79
46
104
109
34
69
98
82
115
102
67
62
36
62
85
63
31
56
60
69
37
36
120
149
115
25
33
38
30
54
51
42
74
87
63
44
76
100
103
80
45
126
169
129
43
73
89
57
67
47
20
42
25
11
50
67
58
28
10
23
53
62
106
114
59
24
57
45
62
56
23
28
38
10
28
48
57
34
46
57
29
29
40
150
81
155
34
33
50
137
46
52
28
13
5
8
39
78
152
262
397
555
735
957
1110
1189
1255
1354
1444
1585
1775
1920
1992
2015
2006
1981
1967
1906
1847
1850
1749
1590
1617
1495
1140
1084
1045
727
555
595
465
303
295
270
200
165
127
43
154
217
310
469
467
270
328
452
184
173
94
54
156
254
149
70
59
48
62
73
84
108
91
70
45
29
14
62
70
84
102
68
28
45
42
41
33
22
24
45
73
53
39
99
145
134
59
45
76
79
75
63
35
29
52
79
82
57
70
82
47
39
66
194
298
240
139
272
344
278
132
124
181
149
41
67
74
66
101
149
169
154
209
305
286
157
79
184
308
318
202
222
270
175
96
138
130
142
141
136
84
46
76
174
249
242
136
329
424
272
138
193
135
15
65
40
8
20
20
76
133
157
195
279
259
172
81
272
365
251
101
157
173
98
31
81
83
59
87
128
143
138
161
239
286
222
117
300
387
258
108
172
182
109
32
83
77
70
100
124
127
121
158
240
279
194
111
293
360
249
104
193
214
121
84
129
104
108
123
114
154
118
4
54
27
55
153
214
144
65
110
186
98
75
30
25
30
11
20
28
111
223
373
540
762
984
1130
1185
1222
1321
1428
1588
1785
1923
1969
1989
1983
1957
1936
1885
1826
1834
1742
1574
1608
1504
1173
1118
1078
759
577
621
471
288
268
224
149
123
99
35
140
202
280
433
446
286
373
455
196
165
92
53
161
234
122
55
64
47
57
80
75
145
276
288
215
161
304
376
254
307
304
192
122
52
165
164
126
124
139
152
163
96
199
226
166
176
269
353
261
351
310
175
44
41
130
128
76
79
103
131
154
112
38
90
86
117
119
149
87
14
76
170
102
72
39
30
52
37
51
78
87
111
193
313
310
333
98
232
387
250
185
231
132
21
69
69
78
52
48
85
230
370
385
370
567
752
1096
1089
1176
1445
1660
1764
1883
1954
1974
2022
1987
1971
1936
1888
1807
1793
1757
1751
1742
1737
1773
1826
1845
1882
1923
1963
1973
1954
1923
1929
1944
1935
1901
1871
1845
1854
1769
1605
1610
1551
1237
1156
1147
875
698
754
650
438
364
347
269
208
130
4
87
159
231
361
341
206
299
417
208
160
18
112
115
236
162
105
120
89
75
151
220
256
261
363
373
261
205
284
294
222
99
108
176
128
51
93
114
146
148
138
78
58
84
232
313
247
175
281
344
277
134
183
239
140
86
131
136
160
128
135
80
132
202
272
216
244
186
310
314
219
204
111
121
44
25
77
65
50
65
105
235
402
406
393
599
762
1129
1115
1187
1462
1690
1798
1947
2032
2073
2130
2074
2028
2000
1931
1843
1833
1739
1567
1546
1437
1142
1126
1103
801
637
676
528
326
292
241
166
142
95
11
99
190
276
429
434
293
394
453
208
109
55
46
176
218
106
22
30
14
58
54
17
178
396
561
751
958
1271
1309
1303
1343
1461
1604
1786
1858
1859
1887
1892
1865
1830
1790
1744
1769
1728
1674
1454
1179
878
732
758
663
556
448
464
380
289
181
140
134
138
170
241
207
83
115
275
285
224
260
375
438
414
308
173
91
135
146
122
90
100
146
214
250
220
163
137
109
96
180
251
287
271
209
97
29
67
77
50
13
18
65
145
238
303
297
235
161
153
182
209
242
241
190
86
53
105
95
50
10
43
37
64
75
139
99
203
138
88
223
74
21
83
28
90
81
95
37
23
20
25
26
68
138
238
287
231
234
171
320
268
258
263
206
186
36
64
112
77
78
98
94
79
46
39
50
67
76
73
59
36
43
56
67
70
50
27
15
27
34
15
16
102
85
52
14
74
120
226
155
43
32
54
89
84
72
64
13
34
39
39
53
142
183
153
213
202
241
23
226
331
243
225
240
153
8
27
76
58
41
78
148
243
394
359
352
546
702
1081
1061
1149
1412
1636
1753
1901
1942
2004
2045
2004
1974
1970
1925
1864
1835
1798
1796
1782
1773
1792
1833
1864
1895
1895
1903
1904
1903
1897
1919
1943
1947
1931
1912
1877
1879
1808
1656
1666
1599
1293
1206
1165
854
662
732
620
406
359
337
239
175
132
48
119
224
51
224
340
82
210
270
131
222
304
248
102
201
162
161
165
151
163
194
155
144
91
196
265
269
181
377
319
299
254
130
79
43
10
61
61
51
19
38
60
93
108
89
90
92
82
77
76
67
72
64
66
53
56
86
80
59
39
51
79
142
358
518
709
1073
1154
1277
1356
1377
1545
1698
1822
1995
2063
2061
2080
2026
1994
1951
1962
1930
1852
1774
1530
1305
1066
756
759
716
575
603
524
374
322
233
150
133
128
155
225
192
170
207
259
258
254
184
78
153
181
196
68
97
142
147
101
100
92
91
128
73
64
47
131
107
147
65
70
29
80
113
136
81
41
66
89
97
91
64
65
118
95
40
48
40
15
21
28
89
82
39
39
53
53
35
28
57
49
23
90
266
386
480
674
900
1195
1215
1217
1187
1369
1614
1834
1907
1962
2025
2044
2001
1957
1963
1891
1940
1967
1942
1957
1950
1735
1915
1961
1962
1993
1964
1910
2016
2040
2000
1969
1936
1927
1920
1948
1890
1843
1913
1866
1823
1854
1731
1786
1916
1837
1810
1850
1803
1794
1794
1815
1859
1873
1817
1778
1791
1733
1537
1573
1530
1319
1183
1094
842
654
750
592
439
417
441
356
304
234
178
119
117
123
115
122
133
134
148
175
192
186
169
191
201
193
199
180
149
158
118
37
55
15
142
282
243
147
270
397
343
170
176
203
87
34
65
40
37
23
78
149
155
189
302
335
196
119
213
306
264
138
128
195
161
102
61
63
49
107
185
224
212
354
562
558
778
855
944
1296
1717
1627
1717
1944
2039
2091
2139
2092
2076
2022
1969
1874
1763
1701
1655
1587
1379
1107
1030
1043
870
634
494
450
418
355
250
155
139
102
78
126
218
284
330
441
698
878
915
1069
1425
1617
1649
1668
1697
1732
1679
1593
1569
1541
1470
1399
1352
1296
1205
1094
990
915
802
608
394
279
276
330
302
257
197
169
175
145
80
83
119
135
156
156
164
186
200
209
197
172
154
149
140
120
100
86
64
47
44
33
16
12
21
16
15
25
15
26
42
38
62
88
103
117
131
114
93
81
92
85
71
61
58
51
33
23
9
14
12
36
60
72
83
91
102
92
69
30
47
48
39
16
13
4
5
17
20
36
20
31
28
28
26
23
25
21
24
47
47
43
30
45
60
80
78
52
35
42
46
57
49
52
49
42
55
49
43
45
38
50
52
53
54
44
19
20
35
51
51
44
21
17
26
44
30
27
12
12
13
17
15
13
20
12
14
11
15
8
9
23
23
31
15
20
20
13
22
33
27
21
8
12
20
10
30
39
41
28
28
23
26
41
48
40
31
22
33
41
40
37
44
32
28
20
14
12
14
14
3
14
24
35
43
25
19
23
34
31
31
21
7
25
37
27
20
14
25
49
52
59
41
32
36
28
28
17
14
10
17
25
32
26
32
25
40
30
33
46
45
54
55
44
45
34
29
21
22
15
16
20
28
26
16
5
7
16
6
4
3
13
9
19
25
35
36
37
45
44
39
29
31
16
3
9
22
30
18
12
18
28
30
17
13
10
12
12
14
18
9
8
6
5
18
25
39
42
55
52
38
28
25
22
9
13
17
7
17
25
17
17
7
10
12
29
52
37
44
31
17
22
36
33
16
14
3
18
35
42
22
19
17
8
15
13
17
19
20
23
28
27
14
16
10
14
15
15
12
7
15
10
24
28
40
33
18
21
24
35
43
44
25
24
18
17
6
10
14
18
18
28
37
43
41
31
32
38
47
41
25
17
3
3
7
10
4
3
9
8
2
15
23
29
38
31
35
26
21
13
6
5
10
28
37
36
46
26
19
10
16
12
15
5
7
12
8
11
17
25
33
27
49
52
65
57
65
57
46
44
41
24
10
2
3
9
10
12
23
21
33
47
46
37
30
42
39
32
25
34
25
25
37
48
54
55
38
28
16
26
22
19
7
4
17
16
18
16
16
24
35
34
43
37
34
28
31
32
26
27
9
5
3
15
25
12
12
12
18
21
24
26
42
52
46
36
30
28
9
9
18
33
38
43
45
33
29
38
56
43
22
15
19
34
33
30
30
29
30
33
40
45
49
52
36
44
53
38
31
24
23
30
36
32
39
31
16
22
26
20
20
29
28
35
9
13
24
40
32
35
39
42
50
55
55
47
39
36
26
20
16
11
8
10
12
2
10
8
13
15
30
30
34
25
25
23
12
11
8
19
26
32
38
46
35
11
6
36
38
35
35
42
40
50
51
54
33
23
16
27
44
30
29
18
17
13
14
12
13
19
25
33
30
41
25
15
3
9
12
14
6
11
7
16
22
23
24
20
18
10
6
12
22
20
16
20
25
27
34
44
55
45
45
40
39
32
23
16
32
24
22
38
38
29
10
8
8
5
10
17
22
39
25
12
16
20
21
28
27
36
39
24
19
7
14
9
9
23
34
37
38
29
11
16
37
34
34
31
23
30
32
37
27
31
34
29
15
22
25
22
29
25
8
5
11
3
11
24
38
32
32
24
12
7
1
6
14
5
14
21
12
14
11
5
12
30
36
24
20
14
19
12
14
12
13
14
12
17
17
17
7
13
22
24
20
17
31
28
26
29
30
32
38
38
30
40
48
52
56
34
26
17
16
1
9
14
24
21
1
16
26
23
25
18
29
42
42
40
41
39
31
30
34
22
21
11
7
10
6
11
4
10
15
15
16
59
49
53
50
39
27
16
26
33
30
38
30
32
52
49
40
38
38
45
33
19
14
22
9
12
34
51
40
33
37
24
36
33
24
12
12
20
25
31
35
31
16
23
4
20
27
37
34
28
34
33
39
29
12
21
22
22
26
18
30
28
15
10
13
22
26
16
3
10
17
19
14
43
55
38
31
49
51
79
99
90
86
85
90
92
94
86
88
97
72
66
60
31
42
60
52
45
67
46
49
18
35
48
63
45
28
51
55
24
40
50
43
48
50
45
47
52
53
45
65
43
52
59
61
61
46
98
96
51
67
81
59
56
60
58
42
52
46
20
36
22
23
37
35
55
53
69
59
54
45
50
35
22
28
22
13
21
16
20
28
26
32
29
46
48
44
42
44
50
49
38
41
38
31
30
23
24
25
19
21
27
42
39
32
29
21
15
20
34
43
40
30
17
7
11
22
16
23
26
30
32
25
14
8
16
40
22
36
28
33
33
28
13
12
20
18
22
25
24
18
14
11
7
9
28
35
23
24
16
15
26
30
28
26
27
21
28
23
28
35
37
29
21
11
24
27
31
25
20
20
10
8
13
23
26
23
26
16
25
31
17
18
14
16
10
17
13
28
21
10
22
48
37
34
25
35
50
66
69
48
26
22
46
49
48
45
35
31
30
27
12
11
10
18
31
32
31
27
27
20
16
27
36
36
48
46
50
38
18
19
34
48
24
10
8
20
18
8
8
12
22
37
51
46
37
30
20
23
46
45
32
11
14
42
66
66
40
14
16
26
18
25
39
32
42
51
41
37
29
18
16
20
21
32
39
44
45
28
29
37
19
27
39
37
33
29
36
43
30
18
7
17
24
25
16
25
24
15
11
9
15
20
26
32
42
53
59
52
53
59
53
55
50
42
45
53
57
37
45
46
36
27
26
25
25
23
28
26
32
31
36
37
49
44
31
19
19
36
38
47
30
21
8
10
23
21
18
21
21
24
19
20
21
16
15
36
25
31
27
45
49
44
57
61
44
35
25
9
6
9
15
20
35
26
31
21
24
23
32
8
11
17
12
20
27
27
28
30
26
34
47
57
50
47
56
66
75
76
68
55
57
56
41
33
23
21
16
8
13
28
48
50
51
41
48
42
59
45
36
25
47
56
46
49
49
55
47
37
25
28
26
32
21
17
10
16
12
16
20
27
39
35
41
43
49
46
40
25
12
22
21
31
14
14
20
28
37
47
40
48
42
37
18
25
30
34
29
38
40
43
33
31
30
30
6
7
16
33
26
36
33
39
31
39
39
52
50
53
49
58
52
51
48
39
23
11
6
18
17
17
26
26
10
16
17
30
22
15
9
21
25
30
29
22
23
23
16
27
20
18
10
23
31
32
30
30
38
38
48
47
38
16
10
2
10
26
31
50
41
40
38
36
33
28
28
15
23
21
28
20
13
17
36
50
57
62
58
46
32
20
25
30
26
10
12
23
35
28
19
33
24
23
26
28
24
33
40
49
42
30
32
31
30
22
32
36
56
47
37
41
23
26
5
8
14
14
20
33
37
27
25
25
35
38
39
48
54
56
47
45
47
44
28
14
27
11
19
54
50
39
35
15
12
11
10
12
10
15
9
6
3
12
17
55
79
82
81
82
73
91
56
52
31
37
34
31
48
73
61
56
44
54
58
8
44
32
43
38
43
24
12
15
27
31
47
41
44
61
39
15
20
7
25
26
30
18
16
28
37
23
17
6
23
32
39
45
34
31
28
28
23
22
13
2
13
12
20
8
23
27
28
29
37
60
63
59
41
31
30
16
9
18
13
14
28
18
9
20
28
38
47
61
54
50
58
59
57
50
42
45
31
41
30
34
39
38
36
31
24
12
16
20
21
41
29
26
22
31
32
26
43
52
66
49
44
36
30
38
42
28
14
5
18
28
25
20
14
6
14
15
18
29
27
21
22
16
11
8
11
31
35
43
33
45
37
39
13
16
27
18
11
17
31
36
31
15
13
9
24
20
8
7
21
15
15
15
9
22
26
51
41
35
33
40
29
23
27
19
15
14
10
9
16
17
20
16
15
39
42
39
33
51
59
55
58
37
9
11
24
44
30
11
8
16
25
9
6
22
48
56
57
47
52
39
37
28
26
46
50
41
35
39
48
41
33
12
10
33
49
36
24
3
22
41
51
33
31
42
43
38
49
45
36
32
27
20
7
12
30
35
32
39
33
36
31
32
32
21
22
27
46
51
36
32
29
15
14
21
27
22
25
9
17
24
24
10
14
38
43
48
44
29
22
24
38
33
22
10
20
27
39
27
15
10
8
20
27
27
42
38
58
51
25
40
36
60
52
63
59
91
53
37
19
48
31
46
33
57
34
110
53
6
46
51
43
113
73
89
66
85
65
101
41
56
78
44
59
16
52
69
58
44
65
47
58
64
93
82
52
48
56
57
75
46
42
39
42
12
74
43
66
17
32
24
43
9
60
17
25
3
45
22
57
20
36
29
8
32
29
43
19
64
69
90
78
65
83
7
13
30
56
6
21
38
71
59
61
52
116
83
50
52
68
97
79
83
65
51
14
35
9
22
14
16
21
32
56
31
33
33
33
55
65
30
59
3
39
46
20
10
8
3
27
21
48
62
88
61
73
40
49
23
34
32
29
23
13
43
72
61
34
44
67
56
75
94
115
64
88
113
73
55
51
41
25
38
50
36
32
61
43
93
72
57
53
99
66
58
41
15
33
39
47
39
14
8
87
56
30
52
75
22
53
40
32
44
30
23
15
16
34
7
51
38
92
47
44
70
57
45
49
13
44
10
31
32
66
13
21
9
35
12
25
9
54
30
11
33
52
39
32
14
4
44
5
36
5
27
34
41
29
62
31
46
68
50
16
37
18
7
20
11
3
26
11
18
40
32
9
43
15
33
33
22
17
11
27
16
12
7
3
13
5
15
12
23
38
25
35
61
48
33
61
57
59
55
36
29
38
25
31
24
13
32
34
16
12
12
32
19
22
20
23
13
10
12
11
18
24
17
22
29
28
34
18
9
11
13
23
26
45
43
26
9
14
15
31
16
19
26
26
25
14
13
18
14
16
29
25
36
45
45
25
25
19
14
9
11
10
14
17
12
9
21
22
29
23
31
34
28
14
58
21
48
11
52
3
24
24
45
39
54
64
94
50
27
23
13
59
42
33
34
21
61
46
17
40
62
61
47
54
127
31
127
92
67
49
63
30
34
32
26
3
32
25
34
31
28
82
73
39
89
58
12
32
24
17
37
49
48
42
33
17
9
31
34
26
35
63
53
39
46
37
19
35
33
44
54
56
45
51
38
26
30
11
14
15
15
20
21
26
17
7
24
30
37
49
38
33
30
32
20
19
10
16
28
26
22
10
10
10
5
13
26
26
36
46
45
49
49
46
43
46
42
48
67
69
64
50
45
35
39
35
26
35
27
36
36
29
40
26
17
21
38
46
43
35
46
36
41
40
16
13
4
13
14
35
41
30
28
12
13
32
35
34
16
15
29
48
30
16
12
33
44
45
44
37
32
33
46
51
38
21
8
10
12
4
3
4
4
17
27
40
36
30
39
57
46
37
31
14
10
12
12
15
23
29
20
21
21
15
8
7
20
32
27
19
5
21
35
40
26
15
15
25
45
36
34
34
38
28
29
4
7
30
28
21
23
36
43
22
24
22
18
8
11
17
23
28
45
61
73
46
44
27
29
58
74
52
35
22
4
10
17
37
38
26
34
28
30
41
57
63
54
55
46
50
53
45
36
23
19
18
21
13
9
15
18
20
28
34
45
48
45
41
29
25
29
20
9
4
8
5
17
27
16
11
10
15
1
2
12
15
8
5
7
6
20
27
36
31
32
37
25
19
20
18
18
39
45
46
33
27
36
41
47
46
42
37
40
46
46
47
42
26
24
28
31
36
37
34
30
25
13
22
26
26
16
15
21
17
27
25
32
13
20
22
14
36
44
33
29
26
15
30
34
37
16
16
24
29
38
26
34
26
18
18
19
24
27
24
23
24
24
18
20
16
25
37
37
45
53
44
40
27
24
22
18
24
24
18
19
6
7
22
18
35
43
41
39
47
53
45
41
36
18
14
12
8
23
16
26
23
24
15
23
29
39
35
31
31
38
31
31
18
22
25
35
41
34
29
27
17
14
17
6
12
17
21
16
17
18
6
8
4
3
9
28
16
19
13
18
9
18
21
6
14
20
29
36
30
28
35
32
23
16
21
16
13
10
16
4
7
19
39
40
41
39
38
21
29
37
29
29
34
46
56
56
56
54
47
56
39
18
19
21
17
25
28
25
30
39
34
21
10
9
17
15
23
12
17
10
3
15
18
39
65
54
39
27
17
15
22
16
20
30
35
45
32
31
23
14
13
25
26
37
41
38
37
36
21
20
30
18
20
31
43
56
56
50
33
15
20
22
14
23
34
39
20
15
21
37
38
26
26
14
14
32
44
41
28
25
35
15
1
8
18
26
23
22
16
9
7
28
21
25
30
26
19
16
16
8
8
4
8
15
19
19
11
3
13
11
22
34
33
23
29
25
33
31
19
4
16
31
27
17
27
24
20
8
15
3
13
22
31
27
36
34
10
4
21
14
10
11
25
24
21
14
10
5
11
11
24
23
22
17
12
21
32
32
27
11
27
51
66
63
53
28
15
23
23
23
7
7
14
13
1
7
13
17
22
40
53
53
53
36
25
15
19
19
8
5
17
25
43
40
22
7
5
17
12
11
24
20
17
14
2
3
11
1
9
20
30
22
27
35
28
20
16
20
37
40
43
39
35
31
32
35
32
17
7
14
33
23
29
20
17
22
11
15
9
8
25
17
12
7
10
6
9
17
17
21
32
28
19
13
10
12
13
16
4
9
21
19
11
11
14
26
36
39
45
39
30
32
43
38
29
17
27
29
12
22
28
28
12
13
6
9
14
20
28
30
19
24
27
15
3
4
16
9
27
17
14
3
6
9
23
18
20
43
43
35
35
14
15
17
25
12
12
25
45
34
32
19
7
5
27
18
5
10
25
40
44
32
30
16
15
9
16
34
38
32
23
21
14
12
15
16
26
37
26
25
36
43
38
24
12
19
35
42
36
29
29
21
30
33
24
29
20
24
19
4
14
5
9
44
64
52
41
42
43
38
31
38
22
4
10
26
29
40
28
15
17
7
4
28
46
35
14
12
25
21
25
11
14
17
27
29
24
23
33
14
11
17
27
39
35
28
40
54
44
30
32
41
25
45
39
40
36
43
59
44
27
29
45
40
