25
21
20
27
20
19
8
6
4
6
7
16
18
21
23
25
17
17
19
18
24
25
23
19
21
19
17
8
3
5
6
11
6
9
8
15
19
27
31
35
33
34
39
28
24
18
16
27
26
26
26
20
12
11
15
15
10
16
26
38
40
46
47
34
30
28
31
36
46
49
50
39
31
22
23
18
19
20
13
24
24
30
29
29
28
28
26
28
26
27
24
18
20
19
17
15
20
21
26
27
22
24
13
14
19
15
22
23
25
24
9
15
17
20
16
14
14
16
21
23
20
22
23
24
20
25
32
37
42
53
47
45
42
31
24
26
26
29
33
36
43
41
35
31
40
40
40
39
47
53
57
52
48
45
45
49
37
27
25
14
8
8
9
9
7
1
7
20
25
27
26
25
18
23
14
11
3
3
7
13
19
29
25
30
30
37
38
39
41
38
37
46
43
43
34
25
13
14
15
13
21
25
18
21
28
25
38
39
32
40
41
45
45
51
37
36
28
16
17
17
10
12
17
23
20
10
27
28
23
27
23
22
24
26
11
16
11
7
6
9
12
15
14
14
23
54
64
57
54
45
32
35
30
19
10
16
22
26
26
25
29
25
26
26
25
33
28
30
27
25
32
48
47
38
24
26
31
33
23
18
8
5
4
12
26
39
35
35
29
28
36
32
34
37
37
27
13
7
5
6
5
4
12
12
16
20
9
5
6
2
19
24
31
35
35
24
22
31
25
27
22
7
22
21
16
10
21
21
34
25
22
14
20
22
13
10
1
10
10
17
9
17
18
28
36
15
12
10
13
10
15
23
30
31
28
9
13
8
12
16
9
19
23
26
30
14
10
17
22
27
31
30
29
19
4
6
12
10
13
16
13
17
13
17
31
39
42
41
29
36
33
32
31
21
25
31
24
18
11
15
15
20
7
19
27
41
40
51
48
64
68
57
54
39
24
23
17
9
16
22
31
36
40
40
29
19
20
8
5
19
29
20
26
29
10
18
10
6
9
22
26
25
26
21
12
19
24
17
12
13
18
22
33
31
27
31
22
24
25
25
22
14
12
13
8
4
11
13
17
24
18
2
16
16
13
5
4
3
4
7
5
11
20
19
21
17
23
24
23
31
35
36
46
39
35
26
24
25
19
14
24
14
17
14
25
25
34
22
12
13
14
16
16
11
15
9
17
31
32
33
36
33
35
32
39
46
48
44
36
29
18
7
4
4
10
17
24
29
38
36
34
32
34
39
38
45
45
36
26
26
18
23
30
24
21
8
9
13
21
27
30
27
23
22
20
26
30
31
30
26
19
13
8
14
21
28
26
19
15
8
3
8
2
3
0
3
6
15
16
17
28
41
37
37
41
39
37
36
38
36
42
48
40
36
41
37
30
32
33
44
33
32
34
29
30
36
44
61
56
54
42
32
31
35
39
50
52
43
38
32
34
19
12
4
14
15
30
41
31
38
28
26
16
6
5
14
15
17
19
8
5
7
15
26
26
31
34
24
18
17
14
14
26
20
10
4
7
14
15
19
15
9
12
21
37
41
46
47
45
50
57
53
52
46
45
36
27
17
19
24
22
28
31
31
38
37
35
31
27
26
26
20
26
25
27
19
11
9
11
11
8
1
3
4
8
14
19
14
8
5
5
12
16
33
32
24
20
20
24
25
23
30
45
53
57
52
49
57
54
50
53
56
49
46
39
40
38
42
37
35
39
30
12
9
17
10
11
16
21
24
25
29
31
37
31
21
27
36
34
41
37
41
32
21
33
34
25
25
34
40
37
30
34
28
23
21
11
11
20
26
22
32
17
8
4
4
5
5
7
17
17
16
14
8
4
10
14
13
13
25
27
29
40
38
29
30
42
39
41
31
28
19
11
4
6
13
6
6
7
13
12
14
22
25
24
27
33
36
41
26
27
24
24
21
18
20
28
24
24
26
29
31
30
25
16
7
8
13
30
23
21
16
18
13
23
27
32
35
36
29
21
10
17
6
1
18
16
25
16
7
12
11
6
9
6
10
9
14
21
30
19
16
20
18
22
10
22
23
19
23
29
30
21
21
25
16
10
14
15
18
18
16
9
14
15
19
27
21
16
10
12
16
12
6
11
19
16
29
30
35
35
37
27
37
34
45
50
36
27
18
9
7
8
17
13
9
12
15
9
21
15
14
15
18
11
17
23
22
20
22
27
31
45
42
53
49
46
35
24
17
16
15
14
23
18
5
5
5
13
21
12
16
14
18
20
29
42
36
37
28
29
36
36
37
37
45
38
40
42
37
38
27
21
17
20
31
37
31
36
32
31
29
35
30
23
5
8
10
8
8
15
8
11
15
21
23
11
21
25
22
22
28
26
29
36
30
34
39
30
24
27
25
31
34
35
39
25
30
33
29
36
50
54
59
44
35
24
18
9
3
7
13
5
15
24
31
31
29
26
35
43
41
42
43
35
25
13
19
14
8
10
7
5
7
17
23
18
14
18
23
37
30
29
22
24
20
15
4
5
9
10
15
25
27
24
21
31
17
28
32
40
37
28
18
10
8
16
21
19
21
18
17
9
12
18
22
30
29
29
30
26
26
17
26
23
13
4
3
8
9
14
21
25
38
45
50
37
35
39
46
45
35
27
35
28
20
21
21
17
13
8
11
12
16
27
35
15
14
17
19
23
11
10
8
9
11
21
19
16
19
20
24
28
35
30
26
23
16
11
16
16
19
22
20
20
17
12
9
18
26
30
37
37
30
23
14
18
13
6
12
19
21
23
20
23
21
23
23
23
23
15
15
14
10
6
13
1
2
12
19
24
29
28
24
25
18
22
19
12
9
7
4
4
11
11
13
12
14
22
12
13
17
22
30
30
22
21
29
36
43
40
26
23
21
22
23
28
15
19
10
13
12
13
10
16
14
10
22
33
31
26
29
18
13
16
23
26
22
23
24
11
9
14
15
28
27
33
26
32
27
21
20
15
17
21
24
16
19
18
14
23
21
18
15
8
5
17
5
2
1
12
13
7
6
10
9
17
19
21
23
32
32
38
33
27
44
45
51
45
44
43
50
35
41
37
37
38
40
37
31
17
22
28
29
29
28
26
23
22
27
25
29
21
13
12
5
5
5
5
11
6
16
21
22
20
28
28
36
13
11
14
12
12
10
6
13
6
5
12
21
20
28
34
39
40
51
56
61
46
47
44
41
43
52
42
38
24
17
17
14
21
26
24
27
31
45
50
47
47
50
48
48
46
57
50
45
40
44
43
43
42
42
39
40
34
30
33
28
22
30
22
23
26
16
5
5
13
14
24
20
21
19
24
25
30
35
32
35
29
22
37
43
32
38
35
28
29
27
15
21
14
14
12
19
27
34
37
42
27
28
39
34
29
30
19
24
19
9
16
20
22
27
22
22
22
24
25
28
25
36
41
33
35
28
17
16
6
4
11
19
21
10
8
10
17
20
22
19
23
33
38
37
36
28
22
27
20
23
34
33
35
31
32
28
27
27
28
33
22
24
24
30
23
21
25
16
21
26
30
34
25
16
4
4
5
8
4
4
15
22
27
31
26
20
18
30
35
35
25
17
9
12
13
13
19
17
11
9
8
9
5
11
9
15
12
12
12
10
15
13
18
27
29
32
36
33
29
33
32
31
39
50
45
45
42
48
53
57
48
43
38
37
40
35
39
40
39
29
26
20
7
9
12
12
13
17
28
29
19
14
4
10
19
20
22
23
16
10
12
15
17
14
8
10
18
17
20
24
22
14
6
0
4
10
12
9
16
12
7
8
5
5
5
9
18
15
20
24
18
12
10
13
9
4
6
10
14
13
23
18
17
32
37
39
43
42
38
37
34
33
35
37
39
42
36
31
27
16
14
12
13
17
24
26
30
30
37
33
31
33
39
43
51
53
46
43
39
26
17
17
14
11
13
8
19
19
21
16
22
25
38
39
49
43
32
29
14
13
18
25
28
26
32
37
39
49
52
50
47
35
27
29
33
37
47
54
53
44
37
41
40
34
46
42
39
49
45
39
32
35
33
34
30
21
24
24
9
2
11
17
17
25
31
43
52
47
42
39
38
51
62
58
59
61
62
55
48
36
34
30
30
31
28
25
29
27
21
10
19
34
50
47
52
55
57
47
50
36
38
30
22
16
4
12
15
19
29
28
32
40
42
48
49
36
35
23
31
23
21
28
27
18
16
21
23
27
26
24
19
26
28
35
39
39
41
44
38
45
52
51
47
48
43
44
39
28
30
35
40
44
38
33
28
10
10
7
7
9
21
21
13
22
16
19
13
18
14
17
29
27
31
36
38
41
49
41
39
42
42
40
28
21
11
4
11
6
6
8
15
19
33
41
40
48
58
57
51
47
49
47
40
32
32
27
12
15
10
4
8
15
26
36
36
43
41
30
26
23
24
21
21
16
14
18
14
13
4
3
12
9
20
17
33
34
33
19
22
20
11
17
20
24
26
18
17
10
23
29
29
14
3
3
9
15
25
24
31
41
39
30
32
23
23
19
11
12
25
35
30
31
10
15
10
14
24
22
31
43
41
40
39
38
38
32
18
19
20
18
17
16
15
26
68
171
324
505
637
692
800
1041
1279
1368
1343
1290
1165
987
784
594
416
272
205
224
296
452
728
1096
1470
1830
2289
2861
3358
3607
3610
3512
3438
3446
3585
3836
4132
4386
4535
4583
4574
4559
4394
4049
3674
3032
2791
2286
2476
2275
2136
1738
1261
751
216
289
480
526
492
405
308
298
499
758
845
780
473
199
115
411
781
1063
1067
835
455
74
141
190
178
159
151
218
151
189
213
178
107
165
440
152
173
64
129
74
178
57
2
30
22
32
36
55
32
76
53
56
59
45
48
10
53
66
57
47
40
53
43
50
55
54
64
53
37
30
61
57
61
50
45
62
77
89
96
96
82
76
81
79
77
92
106
110
111
100
79
70
65
77
96
95
93
73
70
71
79
88
89
70
66
59
51
268
585
511
684
994
1718
1885
2409
2384
3010
3725
3945
3951
3901
4469
4573
4568
4524
4526
4599
4606
4611
4649
4669
4691
4686
4744
4729
4736
4730
4735
4742
4703
4704
4704
4728
4706
4672
4678
4703
4688
4693
4726
4553
4613
4334
4623
4465
4694
4611
4606
4704
4502
4558
4420
4541
4548
4547
4533
4507
4460
4424
4530
4538
4492
4758
4684
4444
4444
4553
4513
4373
4524
4662
4577
4525
4521
4530
4550
4525
4542
4408
3939
3591
2995
2574
2175
2614
2451
2082
1664
1111
486
160
411
666
659
627
544
506
654
815
1075
1369
1686
1887
2002
1937
1934
2195
2732
3407
3961
4315
4422
4409
4360
4338
4362
4389
4274
4066
3865
3255
2790
2330
2259
1716
2368
2207
2157
1850
1496
1350
922
776
592
428
381
270
184
237
396
849
1138
962
1076
1658
1542
904
1141
1326
904
511
585
489
223
49
30
102
415
717
614
636
1098
1514
1843
2164
2396
3043
3729
4041
3882
3963
4389
4611
4605
4579
4562
4593
4572
4548
4703
4733
4731
4982
4938
4675
4682
4774
4712
4584
4702
4830
4776
4743
4707
4691
4736
4684
4676
4520
4063
3694
3066
2579
2170
2596
2401
2075
1698
1206
567
85
306
552
563
550
476
484
706
820
1239
1246
934
384
801
1562
1985
1187
573
339
710
1106
680
439
155
29
21
21
106
133
181
202
231
274
277
325
317
352
374
360
341
292
315
281
290
315
344
393
456
488
580
997
1268
1046
1071
1609
1467
805
945
1121
687
265
427
293
40
181
194
171
446
746
679
681
1108
1573
1991
2319
2500
3133
3829
4148
3957
4009
4463
4674
4654
4629
4616
4631
4615
4604
4666
4814
4954
5025
4989
4886
4784
4704
4668
4676
4755
4833
4862
4848
4788
4751
4763
4793
4799
4808
4777
4654
4517
4463
4525
4619
4675
4719
4751
4730
4626
4526
4515
4559
4594
4593
4574
4545
4475
4317
4042
3663
3227
2810
2564
2531
2450
2135
1650
1101
548
184
401
610
656
597
533
547
694
927
1192
1455
1666
1846
1983
2034
2088
2408
3036
3675
4141
4409
4516
4523
4480
4470
4487
4463
4388
4156
3807
3507
2943
2669
2060
2198
1996
2393
2198
1981
1708
1262
1119
799
612
470
373
321
319
560
811
878
586
492
1298
1979
2090
1659
880
488
823
949
801
474
167
23
83
145
338
569
1028
1059
727
362
1012
1748
2200
1407
814
524
875
1241
892
668
355
214
180
223
574
806
1234
1280
983
660
1067
1892
2292
1498
871
192
474
884
533
301
83
206
234
271
357
607
982
1387
1791
2070
2258
2228
2203
2398
2911
3613
4214
4620
4744
4739
4659
4615
4605
4619
4491
4295
4090
3480
3032
2631
2493
1995
2622
2429
2344
1987
1626
1437
965
804
608
471
448
342
239
267
430
881
1177
1008
1098
1668
1556
922
1167
1359
939
507
577
487
210
38
22
90
417
709
600
636
1113
1575
1957
2255
2493
3139
3849
4155
3943
4030
4490
4711
4681
4638
4611
4585
4515
4238
3925
3633
3077
2783
2190
2313
2112
2435
2194
1983
1688
1245
1126
797
584
446
389
368
376
592
824
885
593
490
1294
1966
2090
1681
929
490
801
954
830
500
218
54
56
116
275
551
914
1336
1752
2071
2228
2238
2219
2419
2949
3654
4286
4679
4828
4793
4726
4672
4658
4684
4512
4311
4072
3455
2990
2582
2407
1944
2580
2363
2288
1908
1558
1347
851
702
525
393
357
242
213
260
420
871
1178
1036
1152
1734
1618
954
1156
1332
913
469
532
465
215
43
22
100
431
711
595
626
1085
1554
1972
2292
2529
3174
3904
4206
3976
4077
4553
4784
4776
4728
4709
4709
4743
4695
4767
4932
4894
5061
4790
4950
4724
4775
4744
4697
4877
4762
4891
4775
4778
4763
4771
4831
4773
4804
4758
4597
4656
4460
4751
4560
4771
4707
4725
4802
4557
4656
4536
4698
4657
4644
4656
4612
4567
4545
4712
4676
4659
4851
4732
4571
4571
4665
4569
4438
4674
4762
4655
4615
4632
4632
4637
4614
4656
4498
4063
3719
3101
2585
2215
2576
2440
2075
1703
1160
463
150
375
661
650
641
544
538
672
821
1081
1357
1679
1907
2041
1994
1972
2232
2750
3448
4028
4409
4521
4514
4448
4423
4448
4491
4349
4191
3969
3372
2918
2498
2293
1884
2502
2318
2245
1895
1581
1401
951
790
594
418
377
254
241
314
443
856
1164
997
1037
1614
1527
917
1158
1340
921
530
605
523
239
44
11
104
447
702
580
621
1059
1519
1910
2217
2441
3067
3820
4106
3862
3961
4422
4652
4636
4599
4583
4600
4567
4575
4755
4740
4762
4946
4844
4656
4668
4755
4655
4562
4741
4805
4713
4702
4688
4672
4709
4661
4679
4500
4094
3747
3115
2559
2201
2538
2368
2054
1703
1231
543
102
286
560
551
548
462
493
686
839
1231
1234
913
371
779
1604
2012
1238
698
249
722
1108
708
495
178
60
34
80
165
179
222
217
249
265
283
332
309
340
358
335
298
251
272
230
247
282
305
346
411
456
525
931
1244
1092
1075
1568
1483
846
948
1112
681
282
458
327
60
157
194
134
346
419
583
575
642
689
411
254
808
668
901
989
666
600
80
86
103
97
52
78
132
340
710
1159
1657
2032
2279
2276
2234
2368
2828
3485
4028
4413
4560
4578
4495
4439
4461
4498
4493
4392
4163
3741
3211
2704
2462
2471
2468
2294
1910
1383
777
252
251
450
515
469
410
393
401
349
405
296
360
314
128
248
40
332
186
312
283
215
263
110
145
117
127
148
226
437
754
1197
1607
1966
2123
2167
2153
2368
2902
3532
4107
4441
4590
4555
4497
4462
4461
4470
4437
4440
4490
4587
4660
4678
4656
4608
4542
4463
4432
4467
4545
4587
4559
4533
4508
4518
4529
4508
4556
4398
4132
3633
2975
2567
2167
2402
2307
2197
1740
1166
591
39
302
536
544
530
458
452
538
714
1019
1348
1691
1933
2076
2044
2018
2216
2701
3359
3889
4263
4370
4354
4272
4247
4272
4307
4157
4021
3781
3199
2762
2356
2085
1772
2328
2167
2104
1767
1531
1338
899
733
559
410
370
251
298
448
694
839
549
546
1149
1858
2178
1514
840
485
841
1023
769
493
193
79
72
166
338
605
924
1041
661
326
952
1684
2012
1390
742
553
1018
1197
958
690
400
244
221
281
483
617
669
1022
1389
1253
1138
1606
1535
873
934
1097
690
264
444
344
87
156
200
197
474
719
626
646
1012
1457
1894
2177
2380
2995
3770
4032
3742
3860
4315
4547
4556
4527
4482
4433
4340
4041
4052
4195
4031
3509
2677
2668
2276
1839
983
686
951
702
457
330
409
410
363
370
349
316
321
288
283
272
251
276
263
287
286
269
248
223
237
241
242
218
227
216
253
351
559
445
904
1502
2143
1950
2362
3178
3750
3854
3844
4096
4270
4605
4576
4560
4609
4564
4662
4463
4208
3913
3308
2724
2374
2682
2475
2251
1969
1512
767
168
295
500
480
508
406
450
569
768
1175
1144
839
413
825
1722
2095
1383
844
221
664
995
648
458
122
91
45
91
157
190
219
210
254
268
282
324
320
359
368
355
332
297
305
259
286
306
321
373
449
494
531
900
1237
1106
1041
1514
1466
871
968
1130
717
355
505
377
104
94
124
91
389
602
549
593
967
1474
1937
2213
2411
3004
3774
4022
3722
3875
4359
4580
4589
4557
4537
4515
4557
4514
4662
4739
4738
4811
4635
4784
4554
4601
4552
4598
4726
4598
4683
4584
4577
4543
4542
4615
4540
4567
4438
4387
4413
4320
4515
4332
4540
4456
4462
4446
4260
4361
4281
4411
4387
4380
4376
4326
4277
4310
4462
4372
4405
4515
4423
4295
4273
4384
4255
4204
4473
4459
4361
4347
4361
4359
4372
4338
4413
4210
3871
3522
2909
2384
2066
2403
2265
1940
1625
1137
410
120
404
692
677
658
553
551
659
808
1031
1300
1595
1800
1925
1881
1854
2054
2513
3171
3736
4111
4238
4236
4170
4153
4179
4227
4069
4004
3743
3214
2756
2337
2012
1778
2267
2138
2074
1726
1530
1311
913
743
562
418
405
260
148
212
311
704
1070
980
1017
1561
1538
995
1175
1353
950
557
587
497
219
65
26
118
440
631
551
617
1032
1474
1833
2116
2370
2934
3712
3934
3638
3794
4241
4445
4435
4406
4371
4388
4350
4427
4614
4564
4614
4738
4671
4514
4500
4602
4474
4451
4650
4622
4540
4560
4537
4521
4557
4506
4571
4335
4022
3660
3051
2481
2157
2484
2301
2018
1712
1275
538
51
286
576
573
563
459
492
647
815
1201
1195
912
420
724
1666
1947
1290
780
107
688
1013
689
466
128
38
15
68
123
140
177
169
217
233
261
305
308
348
381
359
334
287
293
251
293
315
342
377
434
476
514
881
1225
1115
1041
1513
1492
903
956
1101
701
325
471
341
75
139
161
113
328
366
572
532
614
736
367
385
732
676
939
993
651
568
99
116
107
116
71
106
154
338
695
1135
1615
2000
2243
2245
2192
2307
2745
3399
3949
4345
4514
4536
4451
4401
4422
4494
4481
4525
4443
4465
4512
4485
4656
4513
4736
4631
4675
4599
4451
4507
4453
4548
4508
4487
4485
4361
4303
4034
3825
3382
2797
2254
1681
1743
1714
2004
1730
1581
1369
1024
883
680
538
475
352
365
310
452
630
1047
1655
2197
2956
3174
3619
3603
3429
3257
3052
3296
3486
3885
4091
4237
4322
4237
4235
3970
3803
3350
2778
2258
1720
1819
1799
2116
1878
1775
1559
1230
1049
749
562
454
320
318
243
484
636
1099
1678
2217
2941
3117
3538
3475
3307
3131
2954
3216
3443
3871
4080
4249
4335
4280
4379
4217
4145
3670
3124
2640
2241
2459
2210
2211
1802
1445
913
357
352
556
583
568
461
484
531
655
965
1146
1593
1743
2094
1895
2083
2092
2554
3098
3520
4016
4123
4241
4159
4165
4203
4186
4194
4262
