6
6
10
12
14
15
14
12
7
3
7
9
8
8
10
12
12
10
10
13
17
21
26
27
20
8
5
11
14
13
9
3
9
15
16
13
8
6
11
19
23
24
20
15
8
2
9
14
16
17
16
12
10
9
12
18
23
22
15
10
13
18
19
14
6
7
13
15
14
13
10
12
13
8
4
6
9
13
17
17
13
7
2
8
14
16
16
14
12
11
11
10
9
9
7
2
5
14
16
12
6
7
10
7
1
3
5
7
7
7
8
9
12
16
17
14
7
7
11
9
10
17
21
21
20
21
18
10
3
11
15
16
14
10
7
7
8
10
12
12
14
15
12
4
4
10
10
6
8
12
14
13
10
6
6
6
8
9
8
6
7
7
6
4
5
6
6
9
8
1
7
11
8
7
9
10
13
16
15
11
8
7
5
5
5
4
6
9
15
18
13
6
2
3
7
8
7
9
10
8
6
8
11
14
16
15
13
10
8
8
10
12
17
19
16
10
11
16
18
18
18
15
12
12
17
19
18
12
7
8
7
5
1
3
5
7
7
5
3
2
2
4
11
14
14
18
25
27
22
14
6
2
4
2
4
8
7
1
5
8
8
9
10
11
15
16
14
8
3
4
8
10
12
11
7
3
12
26
45
27
39
72
68
69
58
18
183
377
514
636
743
759
695
658
588
589
1077
1672
2032
2032
1716
1223
653
127
202
253
361
569
558
268
146
459
546
494
550
576
377
63
274
358
252
298
436
421
320
303
310
309
378
449
433
313
203
316
421
394
307
318
365
327
267
226
334
462
393
665
854
764
625
609
549
570
1070
1675
2037
2030
1689
1170
625
172
399
794
1009
993
912
861
653
647
712
566
558
623
462
89
360
522
374
673
902
842
747
696
473
602
747
559
336
375
384
249
280
420
333
651
846
734
624
598
369
539
651
409
290
472
497
305
215
387
332
639
834
750
655
711
682
611
948
1548
1993
2066
1752
1187
658
372
193
162
169
127
81
192
310
355
312
208
145
185
225
217
169
99
54
28
21
67
116
111
65
33
99
158
195
210
200
176
158
132
104
106
118
133
144
136
119
100
80
88
106
122
132
123
110
99
83
92
103
107
105
95
91
89
76
76
77
79
91
140
211
350
349
392
450
434
356
275
103
621
1324
1857
2082
1987
1644
1221
944
988
1353
1837
2149
2121
1780
1343
1087
1151
1529
2018
2326
2285
1922
1367
821
457
212
140
193
227
314
409
437
394
326
263
230
223
225
245
258
222
173
153
155
155
145
147
200
365
441
494
426
302
340
478
506
414
285
244
287
319
351
368
273
74
102
184
189
147
89
62
61
60
63
67
62
46
27
14
11
12
30
40
38
22
15
21
16
20
37
39
28
10
9
9
20
28
30
27
16
17
29
26
13
14
20
19
15
15
21
23
16
15
17
13
10
12
11
7
6
6
4
3
7
8
6
7
10
9
6
10
14
16
13
9
5
1
0
2
4
5
6
8
11
13
12
8
9
12
15
19
22
21
13
5
5
7
11
16
19
20
19
17
17
19
23
25
24
18
13
10
10
6
2
9
13
12
11
11
8
6
8
12
12
9
5
5
8
8
8
8
3
5
12
16
15
13
9
7
9
7
6
9
11
8
6
11
13
11
10
13
15
15
12
8
10
15
19
24
23
19
14
13
12
9
4
10
18
16
11
11
14
17
17
12
6
7
7
2
4
9
12
10
7
7
7
7
9
11
10
7
9
9
5
6
8
7
6
4
1
1
2
5
12
16
14
8
4
4
6
9
14
17
18
13
5
2
8
10
10
7
5
5
6
7
9
12
12
12
13
11
7
12
16
17
19
19
20
22
19
12
6
4
1
2
3
3
6
8
5
8
13
12
2
11
19
17
11
5
0
4
11
19
23
21
17
17
17
12
1
6
5
2
7
7
4
5
10
15
16
14
8
3
7
8
7
6
6
2
4
8
9
10
13
16
14
6
7
10
6
2
1
0
3
3
1
4
6
8
9
9
12
14
10
4
4
6
5
4
1
4
8
8
7
7
11
14
16
16
14
10
10
14
13
8
4
13
20
21
17
10
4
1
3
2
5
12
18
20
18
13
10
11
11
11
15
19
19
15
9
9
11
8
3
5
5
5
7
5
5
11
15
14
8
3
5
8
9
11
17
22
24
22
18
14
11
6
3
12
16
12
3
8
13
13
10
6
2
5
13
17
13
8
11
13
10
8
7
5
7
11
12
7
0
6
9
10
7
2
1
2
2
9
13
10
7
14
18
19
20
21
22
20
15
6
3
9
12
10
8
5
3
3
10
11
5
4
8
8
7
6
6
8
6
1
5
6
4
6
12
13
10
8
7
9
12
13
13
12
12
16
21
23
22
18
13
10
7
5
3
3
5
9
13
14
12
6
1
2
2
8
13
14
13
13
14
13
9
8
10
13
14
12
8
6
6
5
4
2
2
7
9
10
11
12
13
12
8
8
13
17
18
16
12
11
15
22
26
27
26
22
16
10
8
8
9
9
8
8
9
9
7
5
8
11
11
9
8
9
9
8
9
12
14
12
10
10
11
11
10
8
8
10
9
5
2
5
9
11
11
11
10
10
12
13
8
4
10
15
15
10
11
17
20
20
19
18
16
15
15
15
13
11
11
10
6
2
4
6
5
2
2
6
9
11
16
21
23
21
21
21
16
8
4
9
12
11
7
3
9
15
17
12
5
4
3
0
3
5
1
6
13
18
21
24
27
27
25
20
15
14
16
20
23
21
15
11
11
11
13
13
14
15
13
10
6
5
4
4
4
2
6
9
9
9
9
7
5
10
15
16
14
12
11
10
6
1
3
3
3
7
11
15
15
11
9
11
16
19
20
18
15
13
14
16
17
17
17
19
22
21
16
8
9
12
9
3
4
9
14
15
11
4
3
10
14
14
13
8
2
4
9
12
13
16
19
18
13
5
4
11
14
14
12
9
5
3
5
4
2
9
12
11
9
8
7
9
13
17
17
12
4
1
4
3
3
6
9
9
5
3
5
3
1
2
8
13
13
10
8
9
12
16
19
20
21
23
22
14
3
12
21
21
17
12
5
10
17
18
16
16
13
9
11
15
16
11
3
4
10
17
20
18
13
12
13
14
10
6
7
8
4
7
9
7
9
9
8
9
9
7
2
7
10
8
5
10
14
15
15
14
16
18
20
20
20
21
22
23
24
26
23
17
11
6
6
7
7
7
7
5
3
9
17
22
23
22
21
19
19
21
17
10
6
8
10
10
13
15
15
13
10
10
9
5
1
2
5
13
23
30
32
28
21
13
10
10
10
9
14
19
20
17
12
12
15
19
22
19
10
4
6
4
3
5
9
12
15
17
16
10
1
4
8
8
9
7
3
11
16
13
5
7
11
10
4
3
6
7
7
7
8
8
6
2
3
8
11
11
8
5
7
9
12
12
13
12
9
6
3
6
9
7
6
6
2
7
14
12
6
2
4
6
7
8
7
7
8
8
7
9
15
18
17
14
13
13
10
4
3
8
8
5
6
7
7
7
10
14
18
17
11
2
10
11
4
4
9
10
13
18
20
19
19
19
14
9
6
4
0
4
9
10
7
4
5
8
10
10
8
4
9
14
15
11
5
4
9
16
23
24
19
9
2
5
6
5
5
6
8
8
6
6
11
15
20
22
22
19
14
13
16
18
18
17
16
15
13
13
13
10
5
6
7
4
3
4
6
10
14
18
20
19
15
10
17
27
29
23
16
14
13
11
10
10
13
18
21
19
13
6
5
11
13
12
10
5
2
6
9
8
6
5
4
1
5
10
15
20
25
22
16
11
10
8
4
3
9
11
8
10
16
21
22
18
12
9
12
16
14
8
3
3
6
11
16
19
18
18
19
21
18
13
6
5
6
8
13
20
24
21
14
8
5
4
8
12
14
11
4
4
4
2
3
8
9
15
20
19
12
4
7
5
2
2
3
9
13
13
11
7
3
5
8
9
7
2
3
6
4
2
6
9
9
7
3
6
10
10
8
8
8
8
8
7
11
16
17
12
5
5
3
3
6
5
5
10
12
8
6
9
13
17
19
18
14
9
6
8
6
3
6
7
2
3
8
10
8
5
2
3
6
8
8
9
10
11
11
9
7
10
12
10
9
15
19
19
14
8
2
4
8
9
6
4
8
11
13
16
19
21
21
22
21
19
15
11
8
4
4
10
12
10
8
10
12
15
18
21
18
9
4
9
9
8
13
17
18
15
10
4
4
5
7
9
9
8
5
4
3
6
7
5
4
7
13
17
15
9
5
8
9
7
5
10
15
16
14
12
12
11
6
1
3
11
16
17
14
12
10
5
2
10
15
16
13
11
13
14
14
14
11
8
6
6
12
18
21
20
18
16
12
6
5
12
13
9
2
2
4
5
5
3
2
6
11
13
13
13
16
18
18
17
14
11
8
6
6
5
5
4
3
4
6
8
9
7
7
7
5
2
1
1
3
3
6
13
18
16
10
9
13
16
17
19
20
21
19
14
10
8
7
5
5
4
8
12
15
19
22
22
18
16
14
15
18
20
