16
14
8
18
14
12
8
5
2
4
0
7
7
8
4
6
17
12
6
3
7
4
3
11
9
5
9
14
3
5
9
15
28
33
23
16
30
27
28
25
26
28
22
22
32
22
27
27
11
2
3
14
17
9
16
23
25
24
18
14
17
13
15
27
21
20
11
9
12
10
13
7
4
13
11
8
6
3
10
8
15
18
13
17
15
9
20
23
20
19
19
20
17
16
23
21
19
17
9
13
13
20
12
8
16
12
13
14
18
12
1
8
1
7
11
18
20
16
2
14
25
28
15
21
27
30
31
30
31
27
29
23
17
14
15
12
9
12
15
27
19
14
10
13
29
35
31
21
17
25
36
30
18
19
11
13
12
9
16
13
12
8
4
4
8
11
6
11
18
15
21
7
15
18
14
2
7
15
24
23
17
16
6
28
22
12
9
23
7
14
28
25
30
15
23
25
39
41
23
3
19
25
35
18
29
24
25
16
27
22
18
27
10
0
17
9
6
18
14
5
8
20
9
21
18
18
13
16
18
14
10
21
11
1
7
16
13
12
6
5
5
1
9
16
12
15
20
25
23
30
36
29
22
23
37
34
27
29
37
31
29
31
22
25
30
32
26
22
22
25
17
18
25
18
11
10
17
17
10
9
4
5
12
15
13
14
8
10
18
11
15
21
13
7
20
24
28
7
20
26
10
4
12
19
23
13
4
4
11
21
17
21
25
21
14
30
43
31
24
26
30
27
35
28
16
17
25
23
16
10
13
6
8
5
18
17
1
9
15
13
9
12
12
4
2
7
8
11
22
6
13
14
12
9
11
10
5
22
13
17
16
10
11
10
25
28
5
5
6
11
13
4
12
18
22
9
12
15
11
12
12
15
69
75
71
63
59
71
78
70
69
73
78
77
75
83
80
97
101
93
84
69
31
26
31
39
23
15
17
20
5
14
8
2
8
7
14
18
15
16
24
29
37
35
30
17
33
33
22
14
24
33
23
29
31
22
8
14
7
4
3
3
8
10
6
18
18
10
9
10
7
9
11
23
22
16
8
10
4
5
4
8
14
6
12
17
10
7
11
16
12
7
13
18
5
3
2
2
4
7
4
7
4
12
7
9
17
8
7
7
3
9
21
12
7
9
18
18
10
3
14
14
3
9
15
7
5
9
5
7
12
14
18
19
18
20
26
16
17
20
18
17
8
8
15
18
7
4
12
10
5
9
6
8
11
4
3
11
6
5
15
10
4
15
13
16
11
13
20
21
23
13
11
29
27
20
19
20
22
22
15
6
11
14
9
11
10
6
6
4
3
13
14
13
9
9
9
12
7
16
11
13
17
19
15
16
14
9
6
9
18
12
5
13
14
12
11
1
16
9
4
11
6
2
6
6
5
5
5
10
11
8
26
21
12
3
2
8
15
15
15
11
8
15
14
9
10
16
20
10
15
29
28
18
23
20
12
18
16
10
9
15
15
13
8
4
10
4
8
14
17
11
14
16
15
17
17
16
9
2
13
15
7
11
8
3
13
5
3
9
12
4
8
7
6
5
11
22
7
17
31
26
14
3
12
27
25
21
21
20
27
19
9
3
19
18
15
7
17
24
19
7
15
10
9
10
12
16
16
5
16
10
21
19
1
15
20
24
21
0
15
23
20
15
11
18
17
21
20
5
11
18
11
5
2
9
17
17
15
13
10
14
25
28
23
13
24
29
23
24
11
27
39
40
24
17
22
20
15
12
12
10
14
5
9
5
11
10
8
14
15
13
15
19
18
11
17
21
13
12
18
13
13
10
9
11
11
16
13
19
17
22
28
26
28
26
32
23
22
21
25
30
25
14
12
9
20
16
8
6
17
24
28
18
7
15
20
29
23
19
27
17
14
20
21
26
14
6
17
10
8
9
2
1
11
18
20
13
5
8
14
9
7
16
21
28
12
8
11
6
5
8
10
5
1
6
12
4
7
2
2
8
7
12
24
25
20
15
15
19
20
13
17
12
13
7
7
16
9
12
8
6
8
7
11
10
15
11
4
14
10
11
5
7
14
6
10
27
13
13
10
12
4
2
3
5
5
8
6
3
9
5
4
2
12
15
15
9
12
17
20
8
12
4
11
12
13
11
4
7
6
6
8
17
18
14
6
4
14
18
15
15
20
23
15
1
19
25
19
8
3
13
10
14
9
1
12
8
4
8
2
15
12
10
8
20
17
7
4
9
16
13
5
8
9
4
11
6
7
4
8
7
18
11
4
11
15
16
11
5
18
24
22
21
16
12
33
28
23
7
18
27
26
18
10
17
14
8
17
12
14
3
6
9
6
10
13
1
8
10
10
6
5
12
22
24
5
8
17
23
30
16
13
11
17
17
19
18
21
17
15
15
9
11
9
6
4
2
1
14
6
9
13
10
18
14
9
16
20
21
18
9
13
13
5
5
11
14
18
18
30
33
23
23
27
34
31
23
19
26
36
35
16
11
23
31
29
16
14
15
10
11
9
7
11
23
34
18
41
66
109
120
80
8
113
170
155
100
72
72
56
62
53
22
22
48
61
50
59
107
226
295
247
167
100
95
195
165
98
179
139
35
58
67
66
38
155
154
73
351
199
275
158
44
415
132
380
301
329
125
80
48
58
95
85
79
41
106
258
405
625
760
837
930
975
1172
1419
1632
1859
1969
2019
2056
1994
1926
1911
1925
1940
1858
2069
1896
1908
1887
2102
1577
2035
1968
1887
1848
2078
1897
1809
1896
1818
1875
1863
1894
1825
1821
1810
1830
1812
1828
1853
1839
1840
1840
1838
1850
1857
1844
1846
1809
1798
1778
1775
1770
1798
1789
1763
1758
1780
1759
1779
1752
1733
1729
1741
1722
1730
1730
1740
1725
1740
1733
1723
1716
1706
1697
1706
1704
1702
1717
1718
1698
1679
1708
1720
1711
1711
1698
1687
1705
1715
1689
1698
1716
1738
1744
1472
1658
1558
1379
1040
1410
849
940
554
428
263
483
152
300
196
222
196
258
209
178
194
219
165
157
205
183
165
171
182
140
156
139
131
113
116
90
86
70
155
97
66
211
103
116
287
138
206
272
150
144
187
156
122
128
138
110
101
109
132
29
174
58
97
164
259
226
262
45
121
236
208
190
181
139
114
171
128
151
164
342
178
353
137
68
130
454
369
294
436
398
173
250
166
71
189
169
227
194
218
76
79
234
307
255
217
209
226
208
147
207
226
230
180
165
130
97
62
57
101
29
318
72
68
181
366
359
263
184
28
71
257
183
54
133
33
104
96
89
98
135
194
408
476
537
863
1012
1018
1388
1621
1601
1814
1958
1932
1965
2017
1999
1967
2019
1985
1977
1790
1852
1780
1674
1196
1527
1056
1022
643
578
322
494
223
222
118
202
217
240
159
299
143
287
202
187
316
398
185
270
271
69
327
108
225
132
153
96
99
55
64
161
145
276
236
189
310
236
472
80
211
213
296
207
222
136
121
104
99
38
36
212
222
245
249
267
390
310
351
88
255
273
236
321
120
231
73
27
22
29
67
87
70
62
52
77
56
42
87
103
41
81
111
78
48
39
43
52
75
68
133
153
162
385
486
526
827
1022
1012
1362
1623
1587
1802
1997
1934
1949
2028
2025
1971
2030
1990
1980
1799
1861
1781
1700
1232
1578
1074
1075
680
627
384
527
211
216
101
145
166
144
167
208
154
206
262
50
276
256
164
332
207
121
227
145
182
175
148
156
104
115
113
17
94
81
51
152
146
13
140
148
66
155
127
69
137
106
113
121
88
114
87
8
26
147
287
268
74
168
238
154
152
260
239
117
56
54
89
111
114
139
68
40
58
213
390
301
108
278
237
59
81
106
244
235
108
167
159
108
68
19
96
60
70
291
60
285
398
153
329
219
27
268
196
62
169
71
53
38
100
83
77
199
167
114
212
239
232
175
91
229
348
250
104
103
53
62
115
135
149
150
78
127
215
164
193
315
465
244
468
50
196
170
257
262
149
254
118
66
50
34
55
245
119
213
200
178
336
336
365
140
332
290
146
324
47
148
107
74
129
105
178
108
102
174
238
178
175
184
199
227
198
216
198
206
153
113
87
77
63
44
115
51
244
113
177
113
310
406
235
153
40
26
232
208
69
121
60
61
31
68
74
82
174
376
437
501
816
984
1012
1349
1583
1583
1788
1949
1907
1912
1969
1975
1954
1988
1955
1938
1734
1830
1788
1653
1198
1536
1040
1028
658
589
356
493
200
208
109
177
194
209
209
131
125
435
237
139
528
325
161
428
213
112
383
234
36
174
189
115
51
71
40
86
127
88
197
329
334
155
126
192
223
190
140
99
152
183
143
91
53
54
30
103
206
236
211
168
85
91
140
157
218
247
240
187
124
93
73
78
32
17
110
28
288
60
101
152
359
342
285
212
50
115
288
152
77
174
44
74
91
93
78
118
171
370
464
505
821
968
992
1328
1571
1546
1770
1944
1896
1910
1999
1962
1932
1996
1944
1939
1762
1857
1794
1683
1215
1553
1040
1060
695
625
412
526
216
213
117
161
177
167
199
142
139
323
191
69
456
252
48
429
251
82
302
224
111
169
140
107
78
81
86
44
120
139
75
153
221
84
252
209
104
205
136
123
139
65
129
104
92
107
68
118
163
43
58
202
116
332
185
87
28
197
95
203
41
75
24
74
21
46
51
265
114
282
114
87
144
348
417
186
376
365
198
274
149
15
97
85
149
106
173
91
115
179
243
188
167
166
178
208
187
204
192
185
136
132
118
103
81
48
77
23
277
98
127
98
313
363
278
181
9
61
248
167
73
140
66
85
87
86
69
105
177
386
461
503
825
1004
1023
1341
1576
1571
1777
1941
1903
1920
1987
1965
1925
1977
1930
1932
1733
1819
1778
1649
1194
1496
978
1021
678
586
374
513
203
226
128
204
212
225
161
277
128
286
227
195
368
387
252
276
253
83
342
116
253
128
148
104
101
75
68
154
168
304
234
150
274
195
482
29
197
208
260
216
210
155
107
101
87
35
19
224
220
262
224
231
357
264
368
60
252
292
201
307
100
242
71
21
35
24
77
64
69
56
46
56
44
38
87
96
49
78
101
59
29
31
47
70
93
81
126
144
168
384
472
514
791
994
977
1296
1582
1567
1739
1953
1896
1902
1992
1976
1921
1934
1984
2057
1807
1881
1672
1468
1171
1528
975
1106
975
847
511
586
140
173
118
150
186
182
248
226
145
16
171
250
301
304
342
380
300
120
32
166
182
169
184
179
150
122
69
88
172
264
279
193
170
169
168
165
159
214
214
203
160
135
137
110
89
86
47
49
27
218
62
100
301
99
209
297
75
114
203
91
35
197
107
101
69
78
89
41
79
199
262
265
201
163
215
179
147
164
211
211
156
124
120
80
46
55
119
91
71
98
24
128
221
106
53
149
120
143
90
67
105
73
38
24
31
41
68
202
178
345
164
210
126
150
315
135
464
240
253
141
63
17
61
122
156
170
160
111
122
208
263
234
183
185
193
209
179
178
168
140
126
106
99
112
68
57
81
35
223
115
154
52
242
395
234
191
49
32
236
191
114
108
118
83
47
72
25
158
182
76
150
147
285
204
121
151
147
347
21
180
8
40
107
79
82
81
116
91
157
38
178
134
379
117
260
97
105
293
61
178
110
156
97
52
34
22
136
152
196
351
464
486
759
941
990
1296
1569
1542
1721
1872
1825
1860
1983
1962
1941
2001
1934
1917
1708
1792
1742
1654
1203
1492
962
1017
678
587
409
498
224
251
158
189
177
193
149
51
74
131
196
591
493
690
1021
921
1376
1582
1377
1715
1873
1761
1842
1845
1855
1846
1825
1820
1787
1833
1829
1796
1779
1809
1753
1748
1778
1785
1748
1749
1767
1765
1737
1748
1756
1753
1747
1608
1709
1521
1589
1385
1329
831
1350
923
709
486
632
297
505
262
265
217
268
227
211
107
292
470
387
208
354
195
344
190
235
364
337
370
134
212
73
82
13
50
63
272
174
271
204
147
268
315
257
182
372
408
155
400
92
152
117
174
172
121
208
162
140
128
148
85
122
117
122
102
121
102
117
58
74
56
79
106
104
114
175
182
198
413
510
574
838
1057
1058
1345
1615
1622
1774
1987
1933
1941
2022
2012
1942
1980
1947
1948
1734
1846
1794
1671
1218
1506
968
1048
734
632
441
534
199
220
141
183
195
158
197
145
145
342
220
48
465
276
46
441
252
138
305
214
127
140
123
103
52
78
64
40
113
132
48
123
237
66
211
239
109
152
150
121
127
80
129
126
112
134
104
114
199
63
68
170
150
296
232
82
37
176
103
197
50
61
26
57
34
18
41
226
86
273
123
109
175
272
406
153
355
352
157
243
143
40
107
98
164
120
183
92
100
183
251
208
175
170
181
214
184
194
172
167
134
129
111
89
56
33
74
33
263
87
118
73
315
301
241
224
23
58
241
138
84
167
72
75
83
93
89
115
169
369
451
525
819
976
997
1299
1565
1571
1730
1927
1904
1913
1984
1970
1915
1952
1910
1911
1698
1814
1781
1633
1158
1434
934
1020
698
553
390
482
174
203
106
174
186
195
138
212
106
250
207
150
411
301
298
241
237
83
345
88
255
121
140
93
96
70
84
136
139
308
245
164
303
130
468
18
203
224
233
215
224
197
119
115
95
60
23
238
207
284
205
221
359
225
307
118
291
331
174
289
88
262
63
12
39
18
95
92
85
57
55
68
62
27
85
96
49
86
114
53
28
33
57
59
64
59
131
141
150
368
466
513
789
980
977
1275
1551
1546
1703
1947
1915
1895
1982
1984
1934
1951
1967
2040
1834
1909
1705
1504
1113
1464
1007
1132
1030
857
487
578
154
202
127
131
183
192
261
239
160
6
170
267
313
309
346
389
308
118
41
169
176
159
177
194
152
105
105
30
144
111
113
172
188
142
230
216
124
187
129
113
147
49
151
136
118
123
43
135
162
135
215
402
191
61
298
170
123
293
137
107
211
28
45
68
97
41
87
38
56
289
210
253
296
183
209
259
78
148
242
139
91
101
119
80
55
38
106
29
139
273
93
266
345
141
212
239
16
195
222
58
120
96
90
12
43
95
15
91
145
203
179
322
257
129
253
221
71
160
237
125
93
104
104
85
48
46
105
161
177
349
168
155
146
47
341
136
346
334
317
114
43
65
90
125
121
189
106
115
59
290
237
278
182
138
359
32
176
169
321
154
85
202
97
91
60
55
63
32
147
90
52
52
293
209
271
24
58
101
195
80
142
23
15
66
27
82
22
235
170
317
158
91
187
253
359
135
337
329
122
223
138
43
66
64
145
102
187
104
131
199
277
240
197
174
206
220
183
166
150
174
138
131
123
114
109
84
73
46
231
113
168
54
298
300
192
211
65
82
253
130
101
130
81
67
69
68
23
174
190
325
464
612
713
1071
1054
1097
1560
1594
1676
1862
1973
1796
1974
1919
1919
1907
1957
1747
1938
1689
1616
1503
1605
959
1286
954
662
456
609
189
289
232
190
112
144
162
192
33
165
140
285
396
488
893
913
976
1419
1431
1517
1726
1797
1639
1883
1813
1827
1833
1882
1662
1841
1595
1504
1412
1499
832
1155
817
515
324
490
115
242
94
253
171
200
197
238
138
176
253
320
372
648
784
862
1136
1381
1390
1566
1752
1735
1757
1902
1869
1831
1866
1875
1864
1627
1816
1747
1590
1098
1384
892
902
635
485
229
402
79
207
121
145
113
188
165
119
132
178
131
101
149
124
98
126
156
146
128
121
115
109
74
73
58
23
21
98
181
211
227
144
127
96
181
241
220
206
131
136
128
147
136
107
118
105
85
131
176
383
282
140
298
135
416
99
212
268
214
290
134
253
96
115
38
54
62
116
208
188
68
195
238
67
112
141
79
169
168
10
109
122
47
70
117
110
123
155
160
376
484
517
805
997
991
1258
1550
1568
1703
1934
1925
1914
1997
1984
1944
1961
1971
2056
1851
1909
1696
1528
1102
1436
1041
1138
1037
860
470
549
159
208
120
131
176
193
220
212
173
39
69
253
267
337
448
193
338
179
183
106
103
253
219
186
127
103
88
60
107
104
61
194
220
102
67
119
97
148
159
48
135
204
163
121
116
121
85
99
131
114
207
224
88
103
70
97
190
117
67
131
72
20
29
16
53
48
66
102
58
39
104
110
160
164
21
145
151
27
109
83
50
93
85
92
87
67
92
41
169
270
101
303
307
125
239
209
17
230
204
77
137
68
111
18
70
85
34
116
140
223
210
329
226
113
250
179
48
156
208
107
101
77
97
90
65
39
100
112
213
261
177
110
140
69
187
212
287
409
266
46
114
44
99
126
108
153
176
92
99
49
178
78
372
56
300
105
201
276
99
122
129
235
140
46
50
61
105
143
198
325
445
488
738
924
1018
1271
1508
1515
1667
1848
1817
1815
1944
1932
1910
1956
1908
1907
1680
1793
1751
1612
1156
1399
916
987
658
530
433
472
189
229
158
191
167
152
135
86
280
407
399
242
176
183
77
186
393
481
406
304
230
161
112
121
115
140
180
191
191
146
135
137
84
98
179
282
330
290
223
137
85
54
66
95
130
187
166
153
134
97
217
221
77
161
117
70
173
113
30
71
21
64
63
46
76
67
79
102
61
51
112
108
149
146
27
120
109
44
113
76
54
101
45
58
68
66
94
52
59
60
63
198
217
81
97
118
56
124
75
46
99
43
46
58
23
41
13
106
106
30
167
184
117
131
58
108
135
39
106
79
31
75
44
81
85
62
93
49
154
51
52
107
260
167
310
15
64
129
175
122
115
72
35
80
28
62
11
61
126
154
106
123
159
119
67
56
20
96
92
72
112
118
72
29
43
28
74
110
189
388
474
506
776
991
1032
1283
1540
1570
1696
1888
1907
1928
2023
2003
1975
2001
1957
1987
1755
1877
1806
1667
1201
1433
960
1069
733
562
439
499
212
243
143
169
169
150
195
197
158
241
194
121
351
275
191
296
163
253
265
158
232
205
155
176
145
132
103
31
141
97
109
254
233
28
185
129
89
209
135
135
190
107
143
135
96
113
175
271
296
303
463
707
826
890
1065
1323
1551
1657
1682
1843
1952
1985
1989
1980
1971
2012
2015
1910
1822
1845
1848
1650
1402
1305
1224
1015
756
575
511
435
293
203
169
155
153
157
103
33
83
63
258
617
659
631
935
1090
1414
1591
1525
1749
1864
1823
1868
1852
1847
1887
1898
1883
1741
1733
1785
1435
1167
1250
1033
881
691
338
350
323
169
102
138
95
113
159
182
207
182
109
372
682
665
640
962
1115
1443
1613
1530
1746
1858
1815
1877
1853
1856
1894
1930
1917
1744
1757
1817
1430
1188
1268
1039
890
691
330
354
311
137
76
120
102
104
150
140
238
42
213
115
84
273
236
226
127
198
65
293
11
207
54
97
64
63
51
50
35
86
141
161
140
112
128
143
80
122
125
36
201
217
91
85
180
155
150
193
226
313
508
576
611
877
1064
1112
1364
1591
1605
1729
1936
1950
1948
2049
2048
2018
2037
1993
2032
1792
1919
1857
1717
1269
1476
1031
1124
763
578
505
516
222
216
141
151
175
145
128
81
315
466
418
193
289
151
248
106
421
454
589
204
325
112
126
141
130
183
162
181
214
173
170
252
84
329
227
239
285
313
411
75
226
48
55
101
98
183
147
224
188
108
108
234
150
348
236
163
51
208
119
179
73
83
71
90
73
85
57
276
118
308
142
87
217
262
353
148
377
358
53
224
124
35
108
76
149
127
154
148
72
152
122
211
478
96
357
45
284
241
150
233
103
317
136
62
34
72
49
55
79
49
39
83
47
23
48
66
39
59
103
61
32
29
31
66
86
80
116
145
140
384
480
518
806
1023
1015
1282
1533
1574
1696
1919
1911
1886
1988
2014
1938
1958
1949
1969
1734
1855
1781
1640
1223
1422
965
1070
734
540
415
475
204
247
138
151
182
164
148
78
68
56
151
440
618
673
818
1134
1358
1478
1525
1657
1753
1809
1826
1826
1834
1862
1859
1786
1691
1685
1662
1501
1227
1127
1061
838
570
400
314
246
182
155
172
178
185
205
173
67
40
398
311
210
312
97
238
53
334
406
417
251
146
151
67
66
74
82
63
197
36
141
78
125
394
191
274
103
392
393
119
308
160
240
59
105
132
132
277
251
306
444
537
565
855
987
1066
1346
1551
1568
1732
1886
1856
1857
1992
2016
1998
2047
2015
2032
1779
1918
1841
1697
1319
1506
1050
1116
755
550
489
485
249
235
164
146
139
137
167
140
180
345
236
81
468
223
213
123
221
154
400
48
135
160
199
93
74
124
85
122
222
127
83
298
344
189
232
68
80
236
279
102
154
214
167
115
90
177
104
165
148
108
220
238
67
245
244
253
379
397
205
25
46
38
116
122
110
135
150
150
60
224
324
184
131
277
204
182
224
260
256
131
129
191
138
90
72
53
21
112
234
272
209
92
45
54
153
281
360
343
246
129
79
17
50
96
122
148
220
163
47
176
138
144
173
179
284
189
118
239
80
107
184
68
132
130
119
82
60
68
47
298
267
293
272
157
315
181
213
251
326
180
77
190
95
84
63
35
18
28
86
61
11
59
55
44
30
9
25
49
72
69
73
48
15
13
21
38
89
71
69
68
29
109
200
191
219
109
71
88
169
140
88
64
55
39
5
26
26
213
68
298
170
96
251
227
385
137
397
371
127
268
67
75
110
79
142
142
161
161
84
132
100
193
486
122
353
69
299
262
188
220
84
294
130
70
28
33
43
31
36
28
13
47
31
35
12
36
22
24
59
40
25
30
15
37
31
22
67
95
110
361
471
479
759
980
989
1278
1535
1558
1663
1891
1916
1908
1973
1993
1942
1941
1963
2083
1893
1900
1694
1528
1115
1463
1175
1074
1073
913
477
582
258
234
142
138
206
206
217
276
283
104
128
380
251
299
540
332
382
312
149
142
172
193
157
190
171
137
113
53
54
102
108
68
98
142
108
103
132
94
89
103
116
124
134
137
128
114
79
146
188
151
208
414
89
52
314
199
119
279
128
113
206
80
67
59
106
62
96
55
93
256
181
263
196
145
228
198
50
175
169
117
83
33
118
76
55
39
84
65
134
35
39
102
207
258
239
69
41
150
163
171
131
42
12
95
55
96
34
176
56
138
60
143
134
343
122
184
74
91
179
151
84
43
91
27
66
59
112
31
71
70
66
196
162
37
107
42
174
207
81
109
126
73
81
46
46
45
82
40
205
158
143
142
230
107
85
86
184
133
178
70
82
169
82
31
29
52
87
76
147
79
38
82
207
271
265
153
34
33
151
153
112
65
53
44
21
4
5
59
59
107
47
103
145
100
201
104
137
64
122
67
39
74
21
12
22
48
124
78
115
321
434
455
778
1060
1028
1321
1427
1536
1600
1929
1797
1902
1929
2029
1928
1951
1939
1902
1910
1951
1906
1875
1895
1906
1886
1885
1911
1893
1864
1886
1887
1872
1851
1852
1823
1833
1864
1778
1706
1685
1695
1582
1384
1219
1209
1061
841
651
584
543
463
351
282
268
281
274
210
112
27
21
161
360
564
613
770
1075
1294
1409
1484
1601
1747
1759
1764
1786
1793
1813
1760
1751
1669
1743
1440
1571
1278
1132
824
809
394
383
289
255
37
138
148
269
173
196
187
50
192
143
228
403
349
117
47
276
439
357
212
255
219
101
38
103
96
113
173
148
141
76
181
339
305
132
70
287
406
293
201
323
249
153
114
27
61
69
156
164
73
68
83
20
156
212
98
117
175
83
54
26
38
79
133
130
97
102
112
62
79
85
103
111
104
126
110
65
91
121
119
130
140
118
96
81
67
95
113
94
76
87
88
87
84
74
64
61
57
39
17
29
27
45
45
45
48
33
20
22
8
31
26
13
26
21
5
22
16
26
35
26
18
9
17
18
28
23
18
34
31
9
5
10
9
14
13
15
13
1
10
13
18
7
8
10
14
9
22
12
14
8
22
40
30
8
3
5
21
29
21
18
12
8
8
6
18
22
26
13
6
20
31
27
12
9
23
28
17
8
5
19
28
26
15
15
14
10
19
13
9
5
4
1
13
23
15
1
9
25
17
9
14
22
21
10
6
13
22
21
14
6
12
17
15
10
12
14
22
16
16
13
13
16
13
18
27
34
26
23
26
35
28
26
21
16
19
18
20
12
16
20
28
16
15
8
13
26
34
24
7
9
28
30
17
8
13
15
13
6
5
11
12
18
4
9
7
13
3
7
6
13
23
20
16
12
16
6
12
11
15
14
17
17
5
20
13
0
15
18
21
9
12
18
21
23
28
24
26
33
28
23
30
34
21
19
16
15
14
4
6
4
4
5
15
15
12
10
22
39
34
24
25
27
17
19
17
14
8
15
9
2
19
23
19
17
14
28
34
35
26
27
33
34
22
22
20
22
15
12
18
12
6
4
14
8
14
21
19
9
8
28
30
31
17
15
27
35
22
18
9
22
15
8
17
14
12
13
1
2
9
12
7
14
15
13
16
7
6
18
17
13
12
8
10
17
16
9
11
8
4
1
7
7
10
7
5
3
2
5
20
27
22
10
12
22
31
19
6
2
4
10
16
13
8
11
16
15
10
14
10
6
12
8
4
3
9
10
4
5
12
14
12
5
3
7
9
17
8
5
4
8
4
12
17
18
17
7
17
15
6
14
4
14
13
20
20
6
20
21
17
22
20
14
14
9
16
20
17
20
17
17
14
16
15
22
21
19
26
19
14
18
14
14
10
8
11
11
8
4
9
11
11
5
5
9
8
6
9
8
6
3
11
6
2
0
19
25
18
19
19
15
26
26
25
28
22
31
25
23
25
28
31
23
16
24
20
15
21
22
21
24
30
21
9
11
16
11
12
10
6
3
9
13
14
13
18
20
6
2
6
10
12
17
30
14
10
17
9
16
18
8
3
7
12
9
10
10
13
18
7
19
17
13
4
25
28
25
9
7
14
9
6
6
5
2
7
15
15
13
20
16
16
10
22
29
22
17
20
21
18
24
21
21
25
32
26
26
34
29
31
20
22
26
29
36
21
26
38
30
18
1
10
15
9
4
11
9
5
12
27
29
23
11
16
20
13
20
17
9
7
5
9
6
10
14
17
12
12
21
30
39
30
20
20
22
28
20
16
20
17
20
14
12
15
9
10
16
7
6
8
15
11
20
19
14
11
5
6
14
16
20
10
19
30
20
7
10
12
19
6
2
9
16
13
10
4
6
9
8
4
6
21
21
12
7
12
16
20
15
9
19
31
26
15
13
16
21
16
13
29
24
11
17
23
24
18
13
8
12
16
12
4
12
19
16
7
3
4
4
3
2
12
13
15
19
18
24
18
20
16
20
27
31
26
25
26
27
22
16
19
20
9
13
11
15
16
15
18
9
5
15
16
8
9
21
21
20
20
26
20
22
17
22
21
17
6
9
11
7
8
14
12
13
18
17
14
21
34
30
22
21
22
15
10
8
2
10
18
15
6
17
15
13
18
21
12
13
5
6
13
5
24
33
58
56
43
52
53
66
59
55
43
38
32
24
29
40
41
25
24
36
25
6
29
53
39
34
39
49
56
62
53
46
51
51
46
60
62
47
31
43
41
40
27
22
18
23
9
3
13
29
19
9
13
19
10
23
32
29
19
16
20
33
30
12
15
35
37
25
25
25
31
37
27
35
56
70
70
67
65
85
65
37
62
63
70
59
53
48
50
63
62
60
63
52
42
43
43
50
39
50
14
46
75
66
70
61
71
48
47
90
97
86
87
81
103
108
93
83
80
79
126
148
130
133
137
123
157
124
113
97
73
76
80
69
51
52
59
46
44
53
27
16
33
36
26
12
15
14
21
15
7
9
16
3
13
14
4
15
18
17
23
14
13
11
16
10
6
3
6
8
6
4
8
27
14
3
13
10
7
10
10
10
1
10
16
13
18
20
9
9
2
8
7
12
14
8
10
16
9
8
11
6
13
25
36
34
26
15
22
30
23
18
9
22
22
17
27
29
26
19
20
18
12
10
12
6
13
10
6
12
15
20
14
11
10
15
19
7
4
3
8
12
11
9
6
9
8
19
15
25
34
32
30
29
26
38
42
26
14
17
22
12
18
18
12
5
7
11
13
12
12
15
13
14
26
24
18
15
6
13
12
14
14
12
1
9
12
14
15
8
14
16
11
23
28
21
17
15
20
17
9
13
13
6
10
18
20
17
20
18
15
2
20
17
10
9
5
7
4
10
15
17
24
24
25
26
30
29
41
44
27
19
27
31
42
29
11
32
45
52
21
12
27
23
29
25
24
26
18
27
30
15
31
37
19
7
9
16
7
14
26
12
12
22
18
7
3
9
17
14
6
8
8
18
20
18
18
18
21
16
3
4
4
7
14
7
10
8
11
17
8
8
6
12
19
17
20
27
26
20
10
18
14
13
19
15
13
11
19
21
20
10
6
3
6
14
14
9
23
25
22
18
26
23
18
22
16
17
23
27
19
13
16
13
13
17
28
13
18
20
12
7
16
16
15
9
15
7
2
1
3
8
10
2
11
6
13
7
4
8
7
4
7
13
2
9
12
28
19
28
20
15
26
20
11
21
26
29
17
14
7
17
20
12
13
13
10
6
2
11
18
5
7
16
13
5
17
35
18
7
7
7
3
6
8
3
13
4
1
12
26
14
23
19
18
23
29
32
25
19
24
22
14
18
17
17
19
21
17
27
37
25
18
29
32
25
24
29
25
23
17
12
17
31
34
23
30
35
28
34
38
42
38
37
42
36
29
32
25
27
35
32
30
21
22
26
16
18
21
14
13
9
1
6
4
9
11
1
6
4
9
5
5
3
4
3
11
5
3
10
5
5
4
3
7
14
17
10
8
2
5
15
13
16
18
28
29
25
26
24
21
17
19
17
7
8
8
14
25
13
7
9
16
9
7
19
15
15
18
24
23
7
16
12
3
9
10
17
25
22
8
15
22
14
12
16
16
24
13
6
17
12
15
9
13
10
7
8
9
19
17
15
9
13
10
2
7
11
5
9
20
37
22
28
28
16
22
28
28
17
19
29
22
14
22
23
16
17
19
19
18
12
21
28
24
33
30
23
16
19
30
43
40
38
31
37
53
39
29
24
22
23
14
28
36
54
50
35
46
59
85
73
86
88
90
102
105
98
95
77
88
88
93
77
82
46
53
63
56
38
17
43
26
33
32
16
18
16
19
27
30
26
37
39
27
24
20
33
25
39
51
39
25
32
24
27
34
35
35
33
31
16
4
16
18
22
16
24
18
12
19
17
15
4
12
13
13
9
10
1
8
15
12
12
11
18
22
26
21
21
18
13
29
35
32
30
30
31
31
31
42
37
24
23
24
25
31
30
18
16
21
26
19
22
20
26
25
13
15
18
14
4
6
16
7
3
10
19
10
17
9
8
19
17
24
15
19
19
20
12
8
11
12
11
8
9
11
6
8
23
12
10
11
14
13
15
14
19
12
4
20
27
19
12
7
19
24
27
16
10
6
17
28
24
13
16
20
22
22
16
5
9
19
26
21
16
16
17
15
16
13
11
6
2
14
6
17
20
10
19
27
27
15
10
23
35
26
19
6
26
38
22
12
8
4
22
27
22
9
8
8
14
15
14
10
10
17
8
11
26
28
6
19
25
20
7
3
11
23
28
4
23
28
22
15
1
24
22
20
15
15
13
13
18
19
15
30
24
12
21
16
9
8
8
10
12
16
15
8
10
13
12
14
2
3
13
12
3
13
15
17
15
24
16
1
16
25
27
11
7
5
9
21
22
28
25
9
23
37
36
29
16
29
30
31
33
21
14
17
20
76
120
108
177
193
182
211
220
193
227
168
202
135
163
151
183
210
196
241
247
178
137
114
48
49
78
97
54
119
93
172
179
179
173
141
90
53
45
21
28
38
31
56
2
32
72
120
105
114
96
112
108
122
118
98
70
53
63
77
81
45
54
35
42
51
46
12
31
11
30
23
1
9
23
34
27
26
22
23
27
12
53
99
101
71
57
79
69
72
77
86
108
137
140
132
100
115
132
145
177
155
160
157
155
62
80
44
71
102
55
85
78
108
97
130
142
137
109
145
103
118
123
124
96
110
90
107
98
79
107
139
140
144
174
180
164
214
248
211
234
209
226
210
217
222
201
192
196
128
156
119
95
113
85
26
23
12
12
47
43
44
91
93
76
78
70
97
73
89
94
83
119
129
151
154
146
161
162
121
112
101
94
83
67
72
40
54
117
67
72
77
38
45
59
30
28
35
47
41
52
17
21
21
34
37
41
43
58
70
76
87
79
81
103
112
103
138
134
105
114
95
99
93
109
113
88
98
89
84
111
73
61
70
53
61
44
59
36
43
42
49
51
28
29
14
32
36
25
28
15
22
29
19
14
29
12
21
22
24
17
14
11
41
22
22
34
18
18
16
17
25
29
32
21
28
24
22
22
18
24
25
12
29
24
14
4
8
11
13
19
11
4
5
16
10
18
16
7
12
17
16
18
11
5
4
8
9
12
5
14
8
6
2
2
7
21
23
21
18
27
22
24
3
15
18
28
25
13
14
26
19
15
9
12
5
7
3
9
13
3
5
3
14
14
6
12
8
2
5
4
4
15
14
11
8
14
6
8
8
12
15
9
62
52
71
57
81
81
122
149
141
161
197
190
214
188
185
202
205
232
226
196
164
186
180
173
161
101
61
58
51
10
88
42
32
43
42
48
49
42
37
19
17
25
34
46
38
29
40
58
29
31
36
15
20
19
21
19
12
9
9
13
24
40
32
23
35
21
21
37
25
13
17
27
26
21
24
23
17
12
1
7
12
2
10
11
6
15
28
27
27
16
24
32
20
22
19
15
10
17
16
13
17
20
12
10
9
5
12
8
9
13
8
5
12
14
7
15
9
13
7
12
24
16
18
10
7
11
13
12
3
11
4
10
12
10
11
9
12
8
8
12
18
18
22
17
15
16
15
17
11
16
33
25
11
18
23
16
7
9
14
16
25
28
12
21
21
25
21
11
19
20
6
12
2
19
32
17
10
13
4
11
18
24
27
25
11
13
6
10
13
10
14
7
15
22
14
13
20
30
23
26
30
32
29
43
40
28
23
19
23
14
18
17
21
21
15
7
7
10
13
12
7
3
11
4
5
13
14
19
21
22
23
11
6
13
12
11
13
24
12
8
3
6
0
7
16
22
16
12
18
19
35
25
20
21
23
21
9
14
13
10
13
12
16
22
21
15
2
7
22
27
21
14
11
3
1
4
8
17
20
13
20
21
19
22
21
26
29
21
26
23
31
31
20
10
12
9
2
12
12
9
14
17
7
14
17
17
18
23
32
26
25
28
29
27
19
17
10
8
15
13
12
8
18
17
14
6
2
7
5
15
18
20
17
14
7
11
18
17
14
7
7
17
20
27
8
14
19
16
15
13
9
1
4
6
3
13
15
8
5
9
9
3
5
17
11
6
7
7
20
20
11
5
10
10
8
25
19
10
9
9
16
10
15
7
8
22
26
15
14
18
12
9
9
13
14
4
10
12
16
19
16
17
13
22
35
30
13
17
24
24
25
18
20
20
20
29
27
26
23
25
30
24
27
24
15
24
31
25
16
16
15
15
18
15
7
2
9
8
9
8
6
7
19
14
11
8
2
5
9
12
12
3
5
20
10
10
12
5
8
11
9
16
16
22
27
27
32
28
23
13
20
19
18
18
15
19
15
17
19
9
12
18
17
17
12
14
21
23
18
4
0
11
9
12
12
10
10
11
18
14
6
11
9
4
12
6
7
7
6
13
17
7
1
7
1
10
13
10
7
1
9
16
12
15
9
7
17
27
20
12
11
20
14
16
10
8
6
18
27
29
9
7
19
18
14
8
11
9
12
22
26
20
17
10
10
14
16
12
13
25
26
17
9
22
21
14
12
4
11
17
21
18
3
12
10
10
13
6
8
6
17
26
22
8
9
25
25
13
2
9
4
10
13
6
10
11
8
12
14
9
1
17
16
14
11
6
14
15
15
10
10
7
5
16
9
5
7
18
19
15
18
13
8
12
20
10
4
20
17
11
14
12
11
9
6
1
5
14
9
7
18
21
16
7
7
20
30
33
17
17
35
36
30
31
28
22
17
13
22
24
16
8
19
34
36
22
1
10
29
36
10
17
29
29
15
5
11
18
21
6
9
9
12
13
7
8
8
6
16
18
6
4
9
13
6
15
19
14
2
13
15
12
13
11
8
8
17
20
18
11
15
13
15
23
28
33
18
14
25
25
25
18
19
16
23
25
29
23
17
29
27
29
31
35
33
24
26
39
44
38
28
23
36
52
37
29
18
34
33
28
27
15
16
17
21
21
22
21
23
20
15
3
11
4
3
4
5
17
15
3
13
16
15
5
3
11
16
18
13
6
3
5
10
9
7
8
3
6
4
4
9
14
14
24
20
17
18
22
13
16
19
26
22
20
24
19
20
23
25
27
19
20
24
23
26
23
24
33
37
36
33
27
40
33
30
41
37
29
19
24
30
34
18
7
5
27
22
6
19
24
30
22
18
23
16
16
9
10
10
7
4
15
12
16
8
5
11
8
8
13
9
7
12
11
2
15
24
27
15
10
16
33
36
23
12
20
21
18
16
11
15
11
9
18
24
20
11
19
10
10
10
7
17
9
5
1
10
5
7
8
12
15
8
9
4
21
28
27
14
7
18
19
5
4
4
14
25
19
11
20
9
11
6
7
15
6
1
18
22
14
12
15
17
13
31
19
5
10
4
18
23
28
17
1
14
