16
19
25
26
21
15
8
4
13
20
25
24
21
12
5
3
11
15
15
14
10
11
9
9
11
12
14
14
16
10
6
5
7
8
8
10
8
8
6
9
9
7
6
5
6
8
6
6
2
5
6
6
9
6
8
7
8
8
8
7
6
8
8
7
5
8
8
9
9
7
8
6
4
7
9
9
7
6
7
10
7
8
8
7
11
9
6
6
4
6
7
9
6
5
5
6
8
8
12
13
13
9
6
6
10
16
19
17
11
7
6
9
13
18
19
14
14
12
14
15
17
18
15
17
19
19
18
18
20
24
23
24
25
25
27
27
25
22
21
23
24
27
28
26
28
29
32
32
29
26
29
31
32
32
32
32
32
35
36
33
31
33
35
37
35
35
34
34
36
37
36
34
35
36
38
36
34
31
31
31
33
36
33
31
31
29
28
28
29
30
31
30
28
23
27
30
32
31
30
29
27
27
28
29
26
26
26
27
24
23
22
26
26
27
25
21
18
18
21
22
25
23
20
21
19
18
19
16
18
19
17
14
11
13
15
18
18
21
17
14
15
14
14
13
12
12
11
9
6
8
12
14
13
9
8
6
7
8
11
13
10
8
8
7
7
6
7
6
5
3
2
2
1
2
2
2
4
5
4
1
2
4
4
4
4
4
3
2
2
4
6
6
6
6
6
6
7
7
10
11
11
8
4
7
9
10
10
11
11
10
12
13
12
12
12
12
12
12
13
11
11
11
13
13
11
8
10
12
14
15
14
14
11
13
13
13
13
14
16
12
11
9
10
11
14
14
15
11
13
15
15
15
12
13
12
13
13
10
11
11
14
12
11
13
15
16
17
17
14
13
15
18
20
21
19
15
10
11
16
19
20
18
18
14
13
13
19
24
26
26
22
15
12
17
21
23
22
20
17
15
13
15
17
18
21
21
17
11
5
10
16
24
23
22
18
12
11
14
16
17
20
18
15
15
16
18
21
23
26
25
22
20
21
21
22
21
21
21
21
23
23
24
22
18
19
20
22
22
21
21
21
21
21
20
24
25
28
23
16
10
6
12
18
22
24
23
16
11
8
10
13
17
19
17
16
10
4
6
13
17
19
18
13
9
3
4
9
13
16
15
11
5
3
7
11
13
15
14
11
6
1
4
7
7
5
6
7
6
4
3
5
6
5
7
5
2
2
3
6
8
8
8
7
7
7
8
8
9
8
9
11
10
10
9
9
10
7
9
9
9
11
13
11
12
12
14
17
20
20
17
14
14
16
19
21
20
20
20
18
18
17
21
25
27
30
26
22
19
21
23
24
26
23
21
20
20
20
23
23
23
27
23
21
21
23
27
29
32
32
24
20
20
24
29
32
31
29
26
22
21
23
28
31
32
29
22
18
17
23
26
25
23
17
15
16
16
21
24
27
27
25
22
20
20
23
21
21
23
21
24
26
27
23
20
16
16
18
18
19
19
19
17
18
16
16
17
18
16
15
13
10
7
10
14
17
19
14
10
10
12
10
12
11
12
11
9
10
8
11
14
15
11
8
4
1
6
11
11
11
11
12
10
10
9
14
11
11
8
7
5
3
3
8
10
11
10
7
5
4
8
5
5
4
5
6
8
9
6
6
7
6
7
9
9
9
11
12
13
14
14
12
14
15
15
13
10
10
13
13
11
13
15
15
14
11
11
14
16
17
19
18
15
14
15
16
17
18
19
17
18
17
20
20
18
19
20
19
18
16
14
15
16
18
19
17
17
16
17
18
16
16
17
18
20
20
18
19
18
18
18
19
18
16
15
16
16
15
16
17
18
19
18
17
17
19
17
16
17
14
16
15
18
15
15
14
15
14
15
14
12
12
13
12
13
12
14
14
16
17
14
12
9
12
14
14
15
15
15
14
15
16
13
12
14
16
16
15
16
16
16
16
17
18
18
20
22
20
17
13
13
15
18
19
19
16
16
16
16
14
14
14
13
14
11
9
8
11
13
13
11
9
7
7
7
9
10
8
9
8
9
9
5
5
5
7
6
6
2
2
3
7
6
6
5
6
5
6
5
4
6
6
8
7
5
2
7
8
8
8
3
4
5
4
6
3
0
4
7
9
11
8
2
2
4
8
8
7
7
2
0
5
7
10
8
8
4
1
3
8
11
10
9
7
5
5
5
6
7
6
5
4
1
4
6
10
8
3
5
3
1
0
2
2
1
1
4
5
4
3
2
2
1
2
2
4
3
2
1
1
2
1
0
2
2
2
3
2
4
5
6
6
7
5
4
5
3
3
5
6
6
4
2
5
5
11
11
12
9
3
1
4
6
7
6
6
4
5
3
9
11
13
15
13
11
10
13
15
18
15
17
19
18
18
18
18
18
17
18
16
15
14
17
19
20
23
23
20
20
24
21
21
22
23
23
25
25
25
25
26
28
28
25
24
22
21
25
27
29
26
28
28
30
28
27
28
29
29
29
28
26
25
26
28
29
29
26
29
28
30
31
28
26
26
27
27
29
27
27
24
26
25
24
23
23
25
23
20
17
19
19
21
20
19
16
10
8
7
10
11
12
15
13
12
12
8
10
12
15
14
13
10
7
6
4
6
7
5
6
5
8
9
10
8
7
6
8
7
7
5
1
2
5
7
9
10
10
8
6
6
8
11
9
8
9
6
4
5
8
10
13
15
11
9
8
8
10
12
11
8
10
11
10
11
10
12
13
12
12
12
14
12
14
15
8
9
11
12
12
13
11
7
6
9
10
11
11
12
9
9
11
12
12
14
14
14
12
14
13
17
19
20
17
18
16
18
17
16
16
14
15
15
12
11
13
17
18
17
16
11
9
11
15
17
18
18
16
14
11
12
14
14
15
18
16
14
12
15
17
20
22
19
15
15
14
16
14
13
13
14
17
15
14
15
13
16
14
13
10
8
8
10
11
9
9
10
10
13
11
10
8
5
4
7
8
8
6
7
7
4
5
4
6
5
5
8
6
5
4
2
4
3
6
6
6
7
9
8
8
10
10
10
8
7
5
2
4
8
11
11
8
8
7
7
8
6
3
6
6
3
2
2
5
6
8
5
6
5
4
6
6
7
6
7
9
9
10
11
9
10
8
8
8
6
4
4
8
6
6
6
5
7
7
8
5
4
6
5
7
7
8
8
8
11
11
10
9
8
6
7
6
10
7
7
8
8
7
6
8
10
9
8
7
8
7
7
8
5
4
6
9
12
14
14
11
7
8
11
13
13
13
14
12
12
13
11
8
9
10
12
12
15
16
16
15
15
17
17
19
22
23
19
14
11
15
19
23
24
22
19
18
18
19
20
20
23
22
19
15
14
15
20
27
24
21
17
14
16
21
22
24
24
23
23
26
25
23
22
21
19
21
20
21
18
20
22
18
18
20
21
23
22
19
17
19
19
20
18
16
15
13
13
11
12
10
11
13
13
11
7
3
5
11
13
13
10
6
2
7
12
12
12
10
5
2
6
12
13
13
11
8
2
4
9
11
14
11
9
6
3
6
9
15
14
12
10
3
3
8
12
15
14
13
8
10
11
10
9
6
10
13
15
13
9
9
10
8
7
6
3
6
4
3
1
2
6
7
6
6
5
4
3
4
5
6
4
3
2
1
0
0
1
2
3
5
2
0
4
6
10
8
8
7
8
9
11
12
12
13
14
15
15
14
15
16
19
17
14
10
10
12
14
16
16
12
11
14
12
14
14
17
17
17
17
16
18
19
20
18
18
19
17
17
15
16
16
17
17
17
15
19
15
17
14
16
17
15
13
13
15
18
19
19
19
20
21
20
21
21
18
21
21
21
20
20
20
24
23
23
23
21
20
22
23
24
24
23
24
21
19
18
21
21
22
20
17
17
16
21
22
21
21
21
25
25
24
21
19
18
21
19
19
18
16
17
20
21
18
18
18
15
16
19
20
20
21
19
18
18
16
17
21
20
24
19
15
15
16
19
20
20
19
19
19
18
19
18
17
17
17
12
10
10
10
12
11
9
11
12
12
13
12
8
8
8
9
10
10
8
8
8
4
6
5
5
7
5
5
4
2
1
4
6
67
91
108
234
207
297
393
353
479
524
525
658
647
704
819
791
877
956
953
1061
1096
1125
1236
1246
1284
1388
1404
1462
1543
1557
1638
1707
1701
1807
1858
1865
1983
2003
2041
2145
2121
2210
2297
2272
2398
2437
2442
2568
2557
2623
2737
2700
2809
2880
2871
2986
3004
3043
3161
3152
3223
3318
3317
3392
3462
3482
3572
3612
3632
3738
3775
3799
3910
3929
3975
4064
4059
4151
4227
4211
4285
4283
4292
4283
4292
4302
4298
4314
4328
4328
4332
4335
4343
4352
4349
4351
4369
4365
4366
4381
4388
4391
4394
4397
4417
4422
4413
4428
4436
4436
4444
4442
4457
4463
4454
4468
4478
4478
4483
4490
4496
4503
4500
4506
4514
4514
4520
4533
4536
4535
4530
4535
4540
4540
4536
4549
4551
4545
4550
4554
4558
4558
4551
4565
4568
4561
4568
4571
4576
4577
4569
4576
4577
4569
4580
4588
4592
4588
4577
4581
4585
4581
4589
4598
4594
4591
4589
4590
4595
4587
4591
4601
4596
4587
4589
4587
4589
4592
4591
4603
4600
4592
4601
4602
4601
4603
4598
4609
4610
4599
4611
4610
4606
4611
4611
4617
4620
4608
4616
4623
4618
4624
4625
4629
4630
4624
4627
4633
4626
4628
4636
4638
4639
4635
4631
4643
4639
4634
4646
4643
4640
4646
4645
4655
4654
4640
4652
4655
4647
4652
4650
4653
4658
4647
4659
4664
4653
4659
4666
4668
4671
4663
4668
4673
4668
4672
4685
4679
4680
4680
4684
4690
4686
4682
4695
4693
4688
4693
4694
4699
4698
4696
4715
4711
4696
4708
4708
4708
4710
4703
4713
4718
4702
4717
4721
4718
4720
4717
4725
4729
4717
4725
4731
4724
4728
4732
4735
4738
4728
4733
4742
4735
4730
4742
4741
4741
4741
4737
4748
4745
4739
4756
4757
4749
4752
4744
4755
4754
4740
4757
4756
4746
4757
4756
4760
4761
4748
4761
4766
4752
4757
4755
4755
4761
4755
4762
4766
4754
4758
4766
4760
4759
4761
4761
4772
4762
4756
4769
4760
4756
4769
4766
4771
4767
4754
4767
4764
4750
4767
4764
4761
4766
4754
4769
4768
4753
4770
4770
4762
4770
4758
4765
4768
4756
4764
4767
4755
4762
4765
4769
4769
4758
4758
4767
4759
4759
4767
4766
4769
4763
4757
4770
4763
4753
4769
4768
4761
4763
4755
4763
4763
4750
4771
4771
4760
4767
4759
4767
4769
4758
4775
4778
4765
4768
4765
4761
4770
4768
4779
4785
4772
4768
4775
4772
4774
4773
4779
4783
4777
4772
4786
4781
4773
4780
4779
4785
4782
4772
4787
4784
4777
4793
4792
4791
4793
4782
4797
4800
4785
4799
4799
4796
4801
4794
4801
4803
4790
4802
4808
4801
4803
4805
4807
4813
4802
4804
4813
4806
4805
4817
4816
4816
4809
4807
4821
4814
4805
4818
4817
4814
4820
4814
4824
4820
4810
4833
4836
4821
4829
4820
4827
4833
4823
4839
4846
4831
4837
4837
4836
4841
4835
4846
4852
4837
4840
4843
4838
4842
4843
4847
4853
4841
4840
4852
4849
4843
4848
4845
4850
4848
4842
4860
4856
4849
4864
4865
4865
4867
4853
4868
4870
4856
4867
4868
4864
4872
4866
4878
4880
4864
4876
4882
4877
4882
4882
4891
4894
4884
4888
4898
4889
4890
4900
4904
4904
4899
4894
4908
4903
4897
4913
4912
4908
4913
4909
4919
4918
4903
4924
4925
4916
4920
4913
4915
4916
4908
4928
4932
4918
4924
4926
4926
4933
4927
4936
4947
4935
4934
4940
4935
4937
4942
4949
4959
4948
4941
4956
4952
4950
4957
4957
4962
4960
4953
4971
4968
4955
4969
4970
4971
4970
4960
4975
4977
4962
4978
4978
4973
4979
4976
4988
4993
4975
4981
4984
4975
4979
4982
4983
4985
4976
4978
4989
4981
4975
4985
4983
4985
4983
4976
4987
4982
4973
4990
4985
4977
4983
4973
4983
4981
4965
4982
4982
4969
4982
4975
4978
4982
4968
4983
4988
4970
4974
4968
4965
4971
4964
4973
4979
4960
4958
4964
4956
4954
4953
4952
4962
4949
4934
4949
4938
4931
4944
4936
4938
4933
4913
4932
4924
4905
4921
4909
4905
4914
4895
4909
4907
4884
4900
4897
4882
4891
4874
4879
4886
4861
4869
4874
4850
4856
4855
4852
4854
4838
4833
4848
4831
4820
4832
4818
4815
4815
4797
4814
4804
4779
4801
4787
4772
4783
4756
4768
4767
4737
4763
4755
4733
4745
4730
4729
4735
4704
4723
4726
4696
4702
4695
4679
4690
4680
4689
4696
4665
4657
4665
4645
4645
4651
4645
4651
4634
4613
4632
4615
4598
4621
4604
4605
4603
4575
4594
4588
4563
4585
4571
4564
4572
4545
4561
4560
4527
4548
4543
4528
4536
4518
4516
4523
4501
4512
4518
4494
4497
4496
4486
4492
4478
4472
4483
4464
4456
4471
4458
4453
4452
4436
4448
4440
4417
4437
4429
4413
4424
4401
4408
4408
4384
4408
4402
4376
4389
4374
4368
4376
4353
4366
4365
4339
4348
4341
4327
4332
4323
4327
4335
4309
4305
4307
4287
4288
4295
4284
4288
4274
4255
4269
4255
4237
4254
4237
4235
4233
4204
4221
4212
4186
4211
4199
4181
4189
4161
4171
4169
4134
4150
4142
4118
4129
4109
4106
4110
4084
4092
4094
4070
4073
4069
4054
4059
4044
4034
4044
4021
4012
4028
4011
4001
3999
3977
3990
3980
3955
3977
3963
3942
3956
3934
3939
3938
3904
3927
3915
3890
3905
3886
3880
3888
3856
3868
3866
3836
3850
3845
3825
3831
3811
3809
3815
3791
3790
3794
3772
3770
3767
3759
3762
3745
3729
3741
3725
3710
3726
3706
3702
3704
3679
3698
3688
3659
3681
3666
3654
3664
3637
3643
3644
3613
3635
3626
3606
3618
3602
3600
3605
3574
3583
3582
3560
3565
3559
3547
3550
3535
3535
3538
3514
3508
3517
3501
3497
3497
3482
3489
3477
3458
3474
3458
3441
3458
3437
3437
3437
3405
3420
3410
3386
3409
3393
3385
3389
3360
3372
3370
3343
3360
3352
3337
3341
3321
3320
3326
3302
3310
3317
3293
3290
3284
3272
3278
3265
3261
3266
3248
3238
3250
3234
3226
3227
3212
3225
3212
3186
3205
3191
3178
3190
3170
3177
3176
3148
3169
3162
3140
3153
3135
3137
3142
3118
3127
3126
3102
3115
3112
3100
3104
3089
3086
3095
3076
3076
3079
3063
3062
3061
3050
3057
3043
3030
3044
3030
3017
3027
3008
3009
3012
2992
3008
2999
2977
2997
2984
2975
2985
2961
2971
2972
2946
2960
2952
2935
2946
2930
2929
2932
2910
2918
2922
2905
2908
2899
2887
2897
2888
2890
2900
2881
2870
2875
2860
2860
2862
2854
2864
2853
2834
2847
2835
2825
2840
2831
2835
2832
2804
2819
2813
2795
2811
2799
2795
2798
2775
2785
2783
2765
2780
2777
2769
2772
2753
2751
2757
2745
2750
2759
2745
2741
2738
2731
2732
2726
2718
2729
2717
2706
2712
2698
2698
2703
2690
2705
2699
2676
2688
2676
2669
2678
2661
2666
2666
2645
2661
2658
2644
2651
2638
2638
2643
2625
2638
2641
2623
2624
2617
2603
2611
2607
2611
2620
2601
2591
2593
2577
2579
2584
2576
2583
2573
2558
2570
2560
2548
2560
2551
2553
2551
2525
2537
2532
2516
2535
2529
2525
2532
2510
2515
2520
2498
2511
2509
2504
2506
2491
2488
2492
2481
2490
2496
2482
2481
2473
2464
2468
2462
2460
2469
2457
2448
2456
2445
2445
2448
2434
2449
2442
2422
2437
2424
2416
2427
2409
2416
2417
2396
2411
2409
2393
2401
2385
2385
2391
2375
2385
2386
2371
2375
2373
2363
2366
2355
2353
2362
2349
2346
2351
2341
2339
2342
2331
2338
2334
2322
2338
2327
2317
2323
2308
2308
2314
2297
2311
2302
2285
2300
2289
2288
2293
2273
2286
2289
2267
2279
2273
2262
2270
2257
2260
2263
2244
2248
2251
2238
2241
2239
2228
2233
2227
2222
2234
2221
2212
2221
2208
2207
2208
2189
2198
2193
2178
2196
2186
2177
2186
2168
2173
2177
2155
2171
2166
2151
2161
2148
2145
2151
2131
2143
2143
2123
2128
2125
2114
2119
2106
2106
2111
2099
2100
2107
2093
2091
2088
2080
2084
2074
2062
2075
2062
2055
2067
2047
2049
2053
2037
2053
2047
2024
2039
2028
2021
2030
2013
2020
2022
1999
2015
2007
1993
2003
1993
1993
1998
1977
1981
1979
1966
1973
1971
1961
1964
1955
1952
1960
1947
1939
1948
1935
1936
1937
1920
1932
1925
1909
1928
1917
1906
1915
1897
1903
1905
1884
1899
1892
1873
1886
1873
1867
1872
1854
1866
1865
1846
1853
1847
1837
1843
1833
1833
1840
1823
1825
1830
1817
1818
1818
1810
1814
1804
1791
1799
1789
1782
1797
1787
1785
1788
1770
1782
1778
1759
1774
1761
1750
1763
1746
1751
1751
1731
1747
1742
1730
1743
1728
1729
1736
1720
1727
1728
1713
1721
1720
1713
1718
1705
1700
1708
1696
1694
1699
1687
1688
1690
1680
1687
1681
1667
1682
1675
1664
1671
1653
1654
1661
1646
1664
1656
1640
1654
1641
1638
1648
1631
1642
1641
1625
1637
1631
1618
1628
1619
1622
1628
1607
1607
1609
1597
1602
1601
1594
1598
1594
1589
1598
1586
1584
1592
1581
1582
1584
1567
1576
1575
1558
1575
1566
1557
1568
1552
1558
1563
1539
1552
1547
1536
1548
1535
1533
1540
1523
1533
1534
1517
1524
1523
1517
1520
1507
1504
1510
1502
1504
1514
1504
1503
1502
1493
1498
1493
1484
1499
1487
1478
1487
1470
1472
1477
1461
1476
1473
1454
1468
1456
1451
1463
1450
1458
1459
1441
1456
1452
1441
1449
1439
1440
1445
1429
1431
1432
1421
1428
1428
1419
1423
1415
1412
1418
1405
1399
1402
1389
1390
1393
1381
1388
1384
1372
1390
1383
1374
1382
1365
1369
1372
1355
1370
1365
1349
1361
1347
1344
1350
1333
1342
1346
1324
1333
1327
1321
1325
1316
1315
1320
1305
1308
1312
1301
1300
1295
1283
1290
1287
1280
1288
1277
1269
1281
1271
1272
1273
1256
1269
1266
1250
1263
1252
1243
1256
1240
1242
1243
1222
1236
1233
1218
1231
1218
1219
1224
1207
1214
1215
1199
1209
1205
1195
1201
1190
1183
1191
1181
1180
1187
1176
1175
1175
1164
1169
1165
1155
1168
1160
1147
1154
1137
1138
1146
1133
1145
1140
1123
1137
1126
1121
1129
1111
1119
1120
1103
1116
1113
1101
1110
1099
1096
1103
1089
1096
1100
1088
1088
1086
1077
1083
1078
1077
1083
1072
1066
1073
1063
1063
1066
1051
1059
1056
1047
1063
1053
1042
1051
1038
1040
1044
1026
1041
1037
1023
1035
1026
1019
1028
1013
1020
1026
1012
1019
1016
1009
1014
1007
1006
1010
1002
1006
1014
1004
1005
1006
1000
1006
1002
997
1008
1001
993
1004
994
991
999
989
999
997
978
991
985
980
992
984
986
991
978
991
995
982
991
985
980
989
981
986
989
976
983
984
976
984
982
982
988
981
978
988
981
981
986
977
979
983
978
990
986
977
984
978
977
986
974
984
988
974
988
985
983
990
979
984
992
979
985
985
975
986
984
983
989
979
982
989
982
983
987
978
982
985
984
988
982
977
985
980
977
986
983
986
986
974
983
982
976
990
987
987
987
976
982
986
977
990
987
982
989
982
985
990
983
991
994
987
993
988
984
988
987
991
996
989
991
996
993
996
995
989
997
994
990
999
996
995
1002
996
1003
1007
996
1005
1004
996
1006
998
1000
1007
998
1005
1007
1001
1013
1012
1010
1013
1007
1011
1015
1008
1015
1017
1013
1019
1023
1024
1028
1021
1018
1020
1015
1018
1026
1023
1026
1027
1020
1029
1026
1022
1034
1033
1031
1035
1023
1027
1032
1029
1040
1041
1035
1043
1039
1044
1047
1039
1045
1047
1041
1049
1046
1045
1051
1045
1049
1055
1047
1048
1056
1049
1053
1054
1050
1057
1055
1053
1065
1061
1056
1060
1055
1060
1061
1054
1063
1064
1058
1067
1062
1065
1069
1063
1073
1074
1066
1072
1070
1070
1078
1075
1076
1083
1074
1077
1080
1075
1082
1084
1085
1088
1082
1081
1085
1082
1085
1093
1091
1089
1089
1083
1090
1088
1082
1091
1089
1088
1094
1089
1094
1095
1087
1097
1097
1091
1097
1090
1092
1100
1092
1099
1099
1093
1100
1100
1096
1100
1094
1098
1101
1096
1098
1101
1100
1102
1104
1104
1107
1105
1106
1114
1112
1107
1110
1106
1109
1111
1109
1118
1117
1108
1118
1118
1118
1123
1119
1124
1127
1120
1127
1125
1124
1127
1126
1131
1132
1122
1128
1133
1129
1135
1132
1130
1136
1133
1138
1142
1137
1139
1142
1137
1139
1141
1138
1144
1142
1139
1145
1142
1141
1147
1145
1149
1150
1143
1152
1154
1147
1151
1146
1145
1150
1148
1157
1157
1149
1155
1152
1151
1158
1152
1155
1157
1151
1157
1160
1154
1156
1155
1154
1160
1155
1156
1161
1158
1157
1158
1156
1158
1160
1161
1166
1161
1158
1164
1161
1163
1162
1153
1158
1157
1154
1168
1165
1157
1159
1151
1154
1156
1153
1163
1163
1153
1156
1150
1151
1159
1158
1165
1169
1160
1160
1154
1152
1159
1160
1164
1166
1163
1162
1168
1165
1164
1168
1167
1171
1169
1162
1165
1162
1162
1170
1168
1166
1168
1161
1169
1170
1162
